1409706501,s1-eth1,0.00,0.00,0.00,0,0,0.00,0.00,0.00,0,0,0.00,0.00,0,0
1409706501,s1-eth2,0.00,0.00,0.00,0,0,0.00,0.00,0.00,0,0,0.00,0.00,0,0
1409706501,s2-eth1,0.00,0.00,0.00,0,0,0.00,0.00,0.00,0,0,0.00,0.00,0,0
1409706501,s2-eth2,0.00,0.00,0.00,0,0,0.00,0.00,0.00,0,0,0.00,0.00,0,0
1409706501,eth0,0.00,0.00,0.00,0,0,0.00,0.00,0.00,0,0,0.00,0.00,0,0
1409706501,lo,0.00,0.00,0.00,0,0,0.00,0.00,0.00,0,0,0.00,0.00,0,0
1409706501,total,0.00,0.00,0.00,0,0,0.00,0.00,0.00,0,0,0.00,0.00,0,0
1409706502,s1-eth1,4598623.50,104901.10,4703524.50,105006,4603222,3043.96,1589.41,4633.37,1591,3047,0.00,0.00,0,0
1409706502,s1-eth2,104769.23,4662148.00,4766917.00,4666810,104874,1587.41,3085.91,4673.33,3089,1589,0.00,0.00,0,0
1409706502,s2-eth1,4604673.50,106351.65,4711025.00,106458,4609278,3047.95,1611.39,4659.34,1613,3051,0.00,0.00,0,0
1409706502,s2-eth2,104901.10,4598623.50,4703524.50,4603222,105006,1589.41,3043.96,4633.37,3047,1591,0.00,0.00,0,0
1409706502,eth0,0.00,91.91,91.91,92,0,0.00,1.00,1.00,1,0,0.00,0.00,0,0
1409706502,lo,0.00,0.00,0.00,0,0,0.00,0.00,0.00,0,0,0.00,0.00,0,0
1409706502,total,9412967.00,9472116.00,18885084.00,9481588,9422380,9268.73,9331.67,18600.40,9341,9278,0.00,0.00,0,0
1409706503,s1-eth1,6253066.00,139392.00,6392458.00,139392,6253066,4137.00,2112.00,6249.00,2112,4137,0.00,0.00,0,0
1409706503,s1-eth2,139458.00,6253066.00,6392524.00,6253066,139458,2113.00,4137.00,6250.00,4137,2113,0.00,0.00,0,0
1409706503,s2-eth1,6253066.00,139326.00,6392392.00,139326,6253066,4137.00,2111.00,6248.00,2111,4137,0.00,0.00,0,0
1409706503,s2-eth2,139392.00,6253066.00,6392458.00,6253066,139392,2112.00,4137.00,6249.00,4137,2112,0.00,0.00,0,0
1409706503,eth0,0.00,184.00,184.00,184,0,0.00,2.00,2.00,2,0,0.00,0.00,0,0
1409706503,lo,0.00,0.00,0.00,0,0,0.00,0.00,0.00,0,0,0.00,0.00,0,0
1409706503,total,12784982.00,12785034.00,25570016.00,12785034,12784982,12499.00,12499.00,24998.00,12499,12499,0.00,0.00,0,0
1409706504,s1-eth1,6224148.00,136290.00,6360438.00,136290,6224148,4114.00,2065.00,6179.00,2065,4114,0.00,0.00,0,0
1409706504,s1-eth2,136290.00,6227176.00,6363466.00,6227176,136290,2065.00,4116.00,6181.00,4116,2065,0.00,0.00,0,0
1409706504,s2-eth1,6225508.00,136224.00,6361732.00,136224,6225508,4114.00,2064.00,6178.00,2064,4114,0.00,0.00,0,0
1409706504,s2-eth2,136290.00,6224148.00,6360438.00,6224148,136290,2065.00,4114.00,6179.00,4114,2065,0.00,0.00,0,0
1409706504,eth0,0.00,92.00,92.00,92,0,0.00,1.00,1.00,1,0,0.00,0.00,0,0
1409706504,lo,0.00,0.00,0.00,0,0,0.00,0.00,0.00,0,0,0.00,0.00,0,0
1409706504,total,12722236.00,12723930.00,25446166.00,12723930,12722236,12358.00,12360.00,24718.00,12360,12358,0.00,0.00,0,0
1409706505,s1-eth1,6253634.00,136690.00,6390324.00,136690,6253634,4135.00,2071.00,6206.00,2071,4135,0.00,0.00,0,0
1409706505,s1-eth2,136690.00,6253634.00,6390324.00,6253634,136690,2071.00,4135.00,6206.00,4135,2071,0.00,0.00,0,0
1409706505,s2-eth1,6252274.00,136756.00,6389030.00,136756,6252274,4135.00,2072.00,6207.00,2072,4135,0.00,0.00,0,0
1409706505,s2-eth2,136690.00,6253634.00,6390324.00,6253634,136690,2071.00,4135.00,6206.00,4135,2071,0.00,0.00,0,0
1409706505,eth0,0.00,152.00,152.00,152,0,0.00,2.00,2.00,2,0,0.00,0.00,0,0
1409706505,lo,1072.00,1072.00,2144.00,1072,1072,12.00,12.00,24.00,12,12,0.00,0.00,0,0
1409706505,total,12780360.00,12781938.00,25562298.00,12781938,12780360,12424.00,12427.00,24851.00,12427,12424,0.00,0.00,0,0
1409706506,s1-eth1,6252924.00,136554.00,6389478.00,136554,6252924,4134.00,2069.00,6203.00,2069,4134,0.00,0.00,0,0
1409706506,s1-eth2,136554.00,6251410.00,6387964.00,6251410,136554,2069.00,4133.00,6202.00,4133,2069,0.00,0.00,0,0
1409706506,s2-eth1,6252924.00,136620.00,6389544.00,136620,6252924,4134.00,2070.00,6204.00,2070,4134,0.00,0.00,0,0
1409706506,s2-eth2,136554.00,6252924.00,6389478.00,6252924,136554,2069.00,4134.00,6203.00,4134,2069,0.00,0.00,0,0
1409706506,eth0,0.00,184.00,184.00,184,0,0.00,2.00,2.00,2,0,0.00,0.00,0,0
1409706506,lo,0.00,0.00,0.00,0,0,0.00,0.00,0.00,0,0,0.00,0.00,0,0
1409706506,total,12778956.00,12777692.00,25556648.00,12777692,12778956,12406.00,12408.00,24814.00,12408,12406,0.00,0.00,0,0
1409706507,s1-eth1,6250018.00,136488.00,6386506.00,136488,6250018,4133.00,2068.00,6201.00,2068,4133,0.00,0.00,0,0
1409706507,s1-eth2,136554.00,6251532.00,6388086.00,6251532,136554,2069.00,4134.00,6203.00,4134,2069,0.00,0.00,0,0
1409706507,s2-eth1,6249088.00,136422.00,6385510.00,136422,6249088,4132.00,2067.00,6199.00,2067,4132,0.00,0.00,0,0
1409706507,s2-eth2,136488.00,6250018.00,6386506.00,6250018,136488,2068.00,4133.00,6201.00,4133,2068,0.00,0.00,0,0
1409706507,eth0,0.00,92.00,92.00,92,0,0.00,1.00,1.00,1,0,0.00,0.00,0,0
1409706507,lo,0.00,0.00,0.00,0,0,0.00,0.00,0.00,0,0,0.00,0.00,0,0
1409706507,total,12772148.00,12774552.00,25546700.00,12774552,12772148,12402.00,12403.00,24805.00,12403,12402,0.00,0.00,0,0
1409706508,s1-eth1,6252126.00,136842.00,6388968.00,136842,6252126,4135.00,2073.00,6208.00,2073,4135,0.00,0.00,0,0
1409706508,s1-eth2,136776.00,6251542.00,6388318.00,6251542,136776,2072.00,4135.00,6207.00,4135,2072,0.00,0.00,0,0
1409706508,s2-eth1,6253056.00,136842.00,6389898.00,136842,6253056,4136.00,2073.00,6209.00,2073,4136,0.00,0.00,0,0
1409706508,s2-eth2,136842.00,6252126.00,6388968.00,6252126,136842,2073.00,4135.00,6208.00,4135,2073,0.00,0.00,0,0
1409706508,eth0,0.00,92.00,92.00,92,0,0.00,1.00,1.00,1,0,0.00,0.00,0,0
1409706508,lo,576.00,576.00,1152.00,576,576,6.00,6.00,12.00,6,6,0.00,0.00,0,0
1409706508,total,12779376.00,12778020.00,25557396.00,12778020,12779376,12422.00,12423.00,24845.00,12423,12422,0.00,0.00,0,0
1409706509,s1-eth1,6255183.00,136751.25,6391934.00,136888,6261438,4136.86,2071.93,6208.79,2074,4141,0.00,0.00,0,0
1409706509,s1-eth2,136619.39,6255766.50,6392386.00,6262022,136756,2069.93,4136.86,6206.79,4141,2072,0.00,0.00,0,0
1409706509,s2-eth1,6252158.00,136751.25,6388909.50,136888,6258410,4134.87,2071.93,6206.79,2074,4139,0.00,0.00,0,0
1409706509,s2-eth2,136751.25,6255183.00,6391934.00,6261438,136888,2071.93,4136.86,6208.79,4141,2074,0.00,0.00,0,0
1409706509,eth0,0.00,243.76,243.76,244,0,0.00,3.00,3.00,3,0,0.00,0.00,0,0
1409706509,lo,1070.93,1070.93,2141.86,1072,1072,11.99,11.99,23.98,12,12,0.00,0.00,0,0
1409706509,total,12781783.00,12785767.00,25567550.00,12798552,12794564,12425.57,12432.57,24858.14,12445,12438,0.00,0.00,0,0
1409706510,s1-eth1,6250780.00,136488.00,6387268.00,136488,6250780,4134.00,2068.00,6202.00,2068,4134,0.00,0.00,0,0
1409706510,s1-eth2,136620.00,6249266.00,6385886.00,6249266,136620,2070.00,4133.00,6203.00,4133,2070,0.00,0.00,0,0
1409706510,s2-eth1,6250602.00,136488.00,6387090.00,136488,6250602,4133.00,2068.00,6201.00,2068,4133,0.00,0.00,0,0
1409706510,s2-eth2,136488.00,6250780.00,6387268.00,6250780,136488,2068.00,4134.00,6202.00,4134,2068,0.00,0.00,0,0
1409706510,eth0,0.00,184.00,184.00,184,0,0.00,2.00,2.00,2,0,0.00,0.00,0,0
1409706510,lo,0.00,0.00,0.00,0,0,0.00,0.00,0.00,0,0,0.00,0.00,0,0
1409706510,total,12774490.00,12773206.00,25547696.00,12773206,12774490,12405.00,12405.00,24810.00,12405,12405,0.00,0.00,0,0
1409706511,s1-eth1,6252116.00,136620.00,6388736.00,136620,6252116,4134.00,2070.00,6204.00,2070,4134,0.00,0.00,0,0
1409706511,s1-eth2,136620.00,6252116.00,6388736.00,6252116,136620,2070.00,4134.00,6204.00,4134,2070,0.00,0.00,0,0
1409706511,s2-eth1,6252294.00,136620.00,6388914.00,136620,6252294,4135.00,2070.00,6205.00,2070,4135,0.00,0.00,0,0
1409706511,s2-eth2,136620.00,6252116.00,6388736.00,6252116,136620,2070.00,4134.00,6204.00,4134,2070,0.00,0.00,0,0
1409706511,eth0,0.00,336.00,336.00,336,0,0.00,4.00,4.00,4,0,0.00,0.00,0,0
1409706511,lo,0.00,0.00,0.00,0,0,0.00,0.00,0.00,0,0,0.00,0.00,0,0
1409706511,total,12777650.00,12777808.00,25555458.00,12777808,12777650,12409.00,12412.00,24821.00,12412,12409,0.00,0.00,0,0
1409706512,s1-eth1,6222176.00,135828.00,6358004.00,135828,6222176,4112.00,2058.00,6170.00,2058,4112,0.00,0.00,0,0
1409706512,s1-eth2,135828.00,6222176.00,6358004.00,6222176,135828,2058.00,4112.00,6170.00,4112,2058,0.00,0.00,0,0
1409706512,s2-eth1,6222176.00,135762.00,6357938.00,135762,6222176,4112.00,2057.00,6169.00,2057,4112,0.00,0.00,0,0
1409706512,s2-eth2,135828.00,6222176.00,6358004.00,6222176,135828,2058.00,4112.00,6170.00,4112,2058,0.00,0.00,0,0
1409706512,eth0,0.00,184.00,184.00,184,0,0.00,2.00,2.00,2,0,0.00,0.00,0,0
1409706512,lo,0.00,0.00,0.00,0,0,0.00,0.00,0.00,0,0,0.00,0.00,0,0
1409706512,total,12716008.00,12716126.00,25432134.00,12716126,12716008,12340.00,12341.00,24681.00,12341,12340,0.00,0.00,0,0
1409706513,s1-eth1,6253204.00,136488.00,6389692.00,136488,6253204,4134.00,2068.00,6202.00,2068,4134,0.00,0.00,0,0
1409706513,s1-eth2,136488.00,6251690.00,6388178.00,6251690,136488,2068.00,4133.00,6201.00,4133,2068,0.00,0.00,0,0
1409706513,s2-eth1,6251690.00,136554.00,6388244.00,136554,6251690,4133.00,2069.00,6202.00,2069,4133,0.00,0.00,0,0
1409706513,s2-eth2,136488.00,6253204.00,6389692.00,6253204,136488,2068.00,4134.00,6202.00,4134,2068,0.00,0.00,0,0
1409706513,eth0,0.00,0.00,0.00,0,0,0.00,0.00,0.00,0,0,0.00,0.00,0,0
1409706513,lo,0.00,0.00,0.00,0,0,0.00,0.00,0.00,0,0,0.00,0.00,0,0
1409706513,total,12777870.00,12777936.00,25555806.00,12777936,12777870,12403.00,12404.00,24807.00,12404,12403,0.00,0.00,0,0
1409706514,s1-eth1,6170350.00,134706.00,6305056.00,134706,6170350,4079.00,2041.00,6120.00,2041,4079,0.00,0.00,0,0
1409706514,s1-eth2,134706.00,6171864.00,6306570.00,6171864,134706,2041.00,4080.00,6121.00,4080,2041,0.00,0.00,0,0
1409706514,s2-eth1,6162780.00,134706.00,6297486.00,134706,6162780,4074.00,2041.00,6115.00,2041,4074,0.00,0.00,0,0
1409706514,s2-eth2,134706.00,6170350.00,6305056.00,6170350,134706,2041.00,4079.00,6120.00,4079,2041,0.00,0.00,0,0
1409706514,eth0,0.00,92.00,92.00,92,0,0.00,1.00,1.00,1,0,0.00,0.00,0,0
1409706514,lo,344.00,344.00,688.00,344,344,6.00,6.00,12.00,6,6,0.00,0.00,0,0
1409706514,total,12602886.00,12612062.00,25214948.00,12612062,12602886,12241.00,12248.00,24489.00,12248,12241,0.00,0.00,0,0
1409706515,s1-eth1,6252284.00,136686.00,6388970.00,136686,6252284,4134.00,2071.00,6205.00,2071,4134,0.00,0.00,0,0
1409706515,s1-eth2,136752.00,6252284.00,6389036.00,6252284,136752,2072.00,4134.00,6206.00,4134,2072,0.00,0.00,0,0
1409706515,s2-eth1,6251354.00,136686.00,6388040.00,136686,6251354,4133.00,2071.00,6204.00,2071,4133,0.00,0.00,0,0
1409706515,s2-eth2,136686.00,6252284.00,6388970.00,6252284,136686,2071.00,4134.00,6205.00,4134,2071,0.00,0.00,0,0
1409706515,eth0,0.00,276.00,276.00,276,0,0.00,3.00,3.00,3,0,0.00,0.00,0,0
1409706515,lo,0.00,0.00,0.00,0,0,0.00,0.00,0.00,0,0,0.00,0.00,0,0
1409706515,total,12777076.00,12778216.00,25555292.00,12778216,12777076,12410.00,12413.00,24823.00,12413,12410,0.00,0.00,0,0
1409706516,s1-eth1,6251364.00,136752.00,6388116.00,136752,6251364,4134.00,2072.00,6206.00,2072,4134,0.00,0.00,0,0
1409706516,s1-eth2,136686.00,6251364.00,6388050.00,6251364,136686,2071.00,4134.00,6205.00,4134,2071,0.00,0.00,0,0
1409706516,s2-eth1,6252294.00,136752.00,6389046.00,136752,6252294,4135.00,2072.00,6207.00,2072,4135,0.00,0.00,0,0
1409706516,s2-eth2,136752.00,6251364.00,6388116.00,6251364,136752,2072.00,4134.00,6206.00,4134,2072,0.00,0.00,0,0
1409706516,eth0,0.00,152.00,152.00,152,0,0.00,2.00,2.00,2,0,0.00,0.00,0,0
1409706516,lo,0.00,0.00,0.00,0,0,0.00,0.00,0.00,0,0,0.00,0.00,0,0
1409706516,total,12777096.00,12776384.00,25553480.00,12776384,12777096,12412.00,12414.00,24826.00,12414,12412,0.00,0.00,0,0
1409706517,s1-eth1,6253798.00,136620.00,6390418.00,136620,6253798,4135.00,2070.00,6205.00,2070,4135,0.00,0.00,0,0
1409706517,s1-eth2,136686.00,6253798.00,6390484.00,6253798,136686,2071.00,4135.00,6206.00,4135,2071,0.00,0.00,0,0
1409706517,s2-eth1,6253798.00,136620.00,6390418.00,136620,6253798,4135.00,2070.00,6205.00,2070,4135,0.00,0.00,0,0
1409706517,s2-eth2,136620.00,6253798.00,6390418.00,6253798,136620,2070.00,4135.00,6205.00,4135,2070,0.00,0.00,0,0
1409706517,eth0,0.00,0.00,0.00,0,0,0.00,0.00,0.00,0,0,0.00,0.00,0,0
1409706517,lo,0.00,0.00,0.00,0,0,0.00,0.00,0.00,0,0,0.00,0.00,0,0
1409706517,total,12780902.00,12780836.00,25561738.00,12780836,12780902,12411.00,12410.00,24821.00,12410,12411,0.00,0.00,0,0
1409706518,s1-eth1,6251354.00,136686.00,6388040.00,136686,6251354,4133.00,2071.00,6204.00,2071,4133,0.00,0.00,0,0
1409706518,s1-eth2,136686.00,6251354.00,6388040.00,6251354,136686,2071.00,4133.00,6204.00,4133,2071,0.00,0.00,0,0
1409706518,s2-eth1,6251354.00,136686.00,6388040.00,136686,6251354,4133.00,2071.00,6204.00,2071,4133,0.00,0.00,0,0
1409706518,s2-eth2,136686.00,6251354.00,6388040.00,6251354,136686,2071.00,4133.00,6204.00,4133,2071,0.00,0.00,0,0
1409706518,eth0,0.00,0.00,0.00,0,0,0.00,0.00,0.00,0,0,0.00,0.00,0,0
1409706518,lo,0.00,0.00,0.00,0,0,0.00,0.00,0.00,0,0,0.00,0.00,0,0
1409706518,total,12776080.00,12776080.00,25552160.00,12776080,12776080,12408.00,12408.00,24816.00,12408,12408,0.00,0.00,0,0
1409706519,s1-eth1,6252868.00,136686.00,6389554.00,136686,6252868,4134.00,2071.00,6205.00,2071,4134,0.00,0.00,0,0
1409706519,s1-eth2,136620.00,6252868.00,6389488.00,6252868,136620,2070.00,4134.00,6204.00,4134,2070,0.00,0.00,0,0
1409706519,s2-eth1,6252868.00,136686.00,6389554.00,136686,6252868,4134.00,2071.00,6205.00,2071,4134,0.00,0.00,0,0
1409706519,s2-eth2,136686.00,6252868.00,6389554.00,6252868,136686,2071.00,4134.00,6205.00,4134,2071,0.00,0.00,0,0
1409706519,eth0,0.00,92.00,92.00,92,0,0.00,1.00,1.00,1,0,0.00,0.00,0,0
1409706519,lo,344.00,344.00,688.00,344,344,6.00,6.00,12.00,6,6,0.00,0.00,0,0
1409706519,total,12779386.00,12779544.00,25558930.00,12779544,12779386,12415.00,12417.00,24832.00,12417,12415,0.00,0.00,0,0
1409706520,s1-eth1,6235452.00,136290.00,6371742.00,136290,6235452,4122.00,2065.00,6187.00,2065,4122,0.00,0.00,0,0
1409706520,s1-eth2,136356.00,6235452.00,6371808.00,6235452,136356,2066.00,4122.00,6188.00,4122,2066,0.00,0.00,0,0
1409706520,s2-eth1,6235452.00,136290.00,6371742.00,136290,6235452,4122.00,2065.00,6187.00,2065,4122,0.00,0.00,0,0
1409706520,s2-eth2,136290.00,6235452.00,6371742.00,6235452,136290,2065.00,4122.00,6187.00,4122,2065,0.00,0.00,0,0
1409706520,eth0,90.00,334.00,424.00,334,90,1.00,4.00,5.00,4,1,0.00,0.00,0,0
1409706520,lo,0.00,0.00,0.00,0,0,0.00,0.00,0.00,0,0,0.00,0.00,0,0
1409706520,total,12743640.00,12743818.00,25487458.00,12743818,12743640,12376.00,12378.00,24754.00,12378,12376,0.00,0.00,0,0
1409706521,s1-eth1,6102958.00,133230.00,6236188.00,133230,6102958,4035.00,2019.00,6054.00,2019,4035,0.00,0.00,0,0
1409706521,s1-eth2,133164.00,6100860.00,6234024.00,6100860,133164,2018.00,4034.00,6052.00,4034,2018,0.00,0.00,0,0
1409706521,s2-eth1,6101444.00,133230.00,6234674.00,133230,6101444,4034.00,2019.00,6053.00,2019,4034,0.00,0.00,0,0
1409706521,s2-eth2,133230.00,6102958.00,6236188.00,6102958,133230,2019.00,4035.00,6054.00,4035,2019,0.00,0.00,0,0
1409706521,eth0,0.00,92.00,92.00,92,0,0.00,1.00,1.00,1,0,0.00,0.00,0,0
1409706521,lo,592.00,592.00,1184.00,592,592,6.00,6.00,12.00,6,6,0.00,0.00,0,0
1409706521,total,12471388.00,12470962.00,24942350.00,12470962,12471388,12112.00,12114.00,24226.00,12114,12112,0.00,0.00,0,0
1409706522,s1-eth1,6252980.00,136752.00,6389732.00,136752,6252980,4134.00,2072.00,6206.00,2072,4134,0.00,0.00,0,0
1409706522,s1-eth2,136752.00,6252050.00,6388802.00,6252050,136752,2072.00,4133.00,6205.00,4133,2072,0.00,0.00,0,0
1409706522,s2-eth1,6251466.00,136752.00,6388218.00,136752,6251466,4133.00,2072.00,6205.00,2072,4133,0.00,0.00,0,0
1409706522,s2-eth2,136752.00,6252980.00,6389732.00,6252980,136752,2072.00,4134.00,6206.00,4134,2072,0.00,0.00,0,0
1409706522,eth0,90.00,182.00,272.00,182,90,1.00,2.00,3.00,2,1,0.00,0.00,0,0
1409706522,lo,0.00,0.00,0.00,0,0,0.00,0.00,0.00,0,0,0.00,0.00,0,0
1409706522,total,12778040.00,12778716.00,25556756.00,12778716,12778040,12412.00,12413.00,24825.00,12413,12412,0.00,0.00,0,0
1409706523,s1-eth1,6230214.00,136224.00,6366438.00,136224,6230214,4119.00,2064.00,6183.00,2064,4119,0.00,0.00,0,0
1409706523,s1-eth2,136224.00,6231728.00,6367952.00,6231728,136224,2064.00,4120.00,6184.00,4120,2064,0.00,0.00,0,0
1409706523,s2-eth1,6233242.00,136224.00,6369466.00,136224,6233242,4121.00,2064.00,6185.00,2064,4121,0.00,0.00,0,0
1409706523,s2-eth2,136224.00,6230214.00,6366438.00,6230214,136224,2064.00,4119.00,6183.00,4119,2064,0.00,0.00,0,0
1409706523,eth0,0.00,92.00,92.00,92,0,0.00,1.00,1.00,1,0,0.00,0.00,0,0
1409706523,lo,0.00,0.00,0.00,0,0,0.00,0.00,0.00,0,0,0.00,0.00,0,0
1409706523,total,12735904.00,12734482.00,25470386.00,12734482,12735904,12368.00,12368.00,24736.00,12368,12368,0.00,0.00,0,0
1409706524,s1-eth1,6252868.00,136686.00,6389554.00,136686,6252868,4134.00,2071.00,6205.00,2071,4134,0.00,0.00,0,0
1409706524,s1-eth2,136686.00,6254382.00,6391068.00,6254382,136686,2071.00,4135.00,6206.00,4135,2071,0.00,0.00,0,0
1409706524,s2-eth1,6252868.00,136620.00,6389488.00,136620,6252868,4134.00,2070.00,6204.00,2070,4134,0.00,0.00,0,0
1409706524,s2-eth2,136686.00,6252868.00,6389554.00,6252868,136686,2071.00,4134.00,6205.00,4134,2071,0.00,0.00,0,0
1409706524,eth0,180.00,364.00,544.00,364,180,2.00,4.00,6.00,4,2,0.00,0.00,0,0
1409706524,lo,0.00,0.00,0.00,0,0,0.00,0.00,0.00,0,0,0.00,0.00,0,0
1409706524,total,12779288.00,12780920.00,25560208.00,12780920,12779288,12412.00,12414.00,24826.00,12414,12412,0.00,0.00,0,0
1409706525,s1-eth1,6197840.00,135366.00,6333206.00,135366,6197840,4096.00,2051.00,6147.00,2051,4096,0.00,0.00,0,0
1409706525,s1-eth2,135366.00,6197840.00,6333206.00,6197840,135366,2051.00,4096.00,6147.00,4096,2051,0.00,0.00,0,0
1409706525,s2-eth1,6197840.00,135432.00,6333272.00,135432,6197840,4096.00,2052.00,6148.00,2052,4096,0.00,0.00,0,0
1409706525,s2-eth2,135366.00,6197840.00,6333206.00,6197840,135366,2051.00,4096.00,6147.00,4096,2051,0.00,0.00,0,0
1409706525,eth0,60.00,152.00,212.00,152,60,1.00,2.00,3.00,2,1,0.00,0.00,0,0
1409706525,lo,0.00,0.00,0.00,0,0,0.00,0.00,0.00,0,0,0.00,0.00,0,0
1409706525,total,12666472.00,12666630.00,25333102.00,12666630,12666472,12295.00,12297.00,24592.00,12297,12295,0.00,0.00,0,0
1409706526,s1-eth1,6253890.00,136488.00,6390378.00,136488,6253890,4133.00,2068.00,6201.00,2068,4133,0.00,0.00,0,0
1409706526,s1-eth2,136488.00,6253890.00,6390378.00,6253890,136488,2068.00,4133.00,6201.00,4133,2068,0.00,0.00,0,0
1409706526,s2-eth1,6253890.00,136488.00,6390378.00,136488,6253890,4133.00,2068.00,6201.00,2068,4133,0.00,0.00,0,0
1409706526,s2-eth2,136488.00,6253890.00,6390378.00,6253890,136488,2068.00,4133.00,6201.00,4133,2068,0.00,0.00,0,0
1409706526,eth0,0.00,152.00,152.00,152,0,0.00,2.00,2.00,2,0,0.00,0.00,0,0
1409706526,lo,344.00,344.00,688.00,344,344,6.00,6.00,12.00,6,6,0.00,0.00,0,0
1409706526,total,12781100.00,12781252.00,25562352.00,12781252,12781100,12408.00,12410.00,24818.00,12410,12408,0.00,0.00,0,0
1409706527,s1-eth1,6253854.00,136752.00,6390606.00,136752,6253854,4135.00,2072.00,6207.00,2072,4135,0.00,0.00,0,0
1409706527,s1-eth2,136752.00,6253854.00,6390606.00,6253854,136752,2072.00,4135.00,6207.00,4135,2072,0.00,0.00,0,0
1409706527,s2-eth1,6253854.00,136752.00,6390606.00,136752,6253854,4135.00,2072.00,6207.00,2072,4135,0.00,0.00,0,0
1409706527,s2-eth2,136752.00,6253854.00,6390606.00,6253854,136752,2072.00,4135.00,6207.00,4135,2072,0.00,0.00,0,0
1409706527,eth0,0.00,184.00,184.00,184,0,0.00,2.00,2.00,2,0,0.00,0.00,0,0
1409706527,lo,0.00,0.00,0.00,0,0,0.00,0.00,0.00,0,0,0.00,0.00,0,0
1409706527,total,12781212.00,12781396.00,25562608.00,12781396,12781212,12414.00,12416.00,24830.00,12416,12414,0.00,0.00,0,0
1409706528,s1-eth1,6252924.00,136686.00,6389610.00,136686,6252924,4134.00,2071.00,6205.00,2071,4134,0.00,0.00,0,0
1409706528,s1-eth2,136686.00,6252924.00,6389610.00,6252924,136686,2071.00,4134.00,6205.00,4134,2071,0.00,0.00,0,0
1409706528,s2-eth1,6252924.00,136686.00,6389610.00,136686,6252924,4134.00,2071.00,6205.00,2071,4134,0.00,0.00,0,0
1409706528,s2-eth2,136686.00,6252924.00,6389610.00,6252924,136686,2071.00,4134.00,6205.00,4134,2071,0.00,0.00,0,0
1409706528,eth0,0.00,0.00,0.00,0,0,0.00,0.00,0.00,0,0,0.00,0.00,0,0
1409706528,lo,0.00,0.00,0.00,0,0,0.00,0.00,0.00,0,0,0.00,0.00,0,0
1409706528,total,12779220.00,12779220.00,25558440.00,12779220,12779220,12410.00,12410.00,24820.00,12410,12410,0.00,0.00,0,0
1409706529,s1-eth1,6211116.00,135630.00,6346746.00,135630,6211116,4106.00,2055.00,6161.00,2055,4106,0.00,0.00,0,0
1409706529,s1-eth2,135630.00,6211116.00,6346746.00,6211116,135630,2055.00,4106.00,6161.00,4106,2055,0.00,0.00,0,0
1409706529,s2-eth1,6211116.00,135630.00,6346746.00,135630,6211116,4106.00,2055.00,6161.00,2055,4106,0.00,0.00,0,0
1409706529,s2-eth2,135630.00,6211116.00,6346746.00,6211116,135630,2055.00,4106.00,6161.00,4106,2055,0.00,0.00,0,0
1409706529,eth0,0.00,184.00,184.00,184,0,0.00,2.00,2.00,2,0,0.00,0.00,0,0
1409706529,lo,0.00,0.00,0.00,0,0,0.00,0.00,0.00,0,0,0.00,0.00,0,0
1409706529,total,12693492.00,12693676.00,25387168.00,12693676,12693492,12322.00,12324.00,24646.00,12324,12322,0.00,0.00,0,0
1409706530,s1-eth1,6253798.00,136686.00,6390484.00,136686,6253798,4135.00,2071.00,6206.00,2071,4135,0.00,0.00,0,0
1409706530,s1-eth2,136686.00,6253798.00,6390484.00,6253798,136686,2071.00,4135.00,6206.00,4135,2071,0.00,0.00,0,0
1409706530,s2-eth1,6253798.00,136686.00,6390484.00,136686,6253798,4135.00,2071.00,6206.00,2071,4135,0.00,0.00,0,0
1409706530,s2-eth2,136686.00,6253798.00,6390484.00,6253798,136686,2071.00,4135.00,6206.00,4135,2071,0.00,0.00,0,0
1409706530,eth0,0.00,152.00,152.00,152,0,0.00,2.00,2.00,2,0,0.00,0.00,0,0
1409706530,lo,0.00,0.00,0.00,0,0,0.00,0.00,0.00,0,0,0.00,0.00,0,0
1409706530,total,12780968.00,12781120.00,25562088.00,12781120,12780968,12412.00,12414.00,24826.00,12414,12412,0.00,0.00,0,0
1409706531,s1-eth1,6216644.00,135894.00,6352538.00,135894,6216644,4110.00,2059.00,6169.00,2059,4110,0.00,0.00,0,0
1409706531,s1-eth2,135894.00,6218158.00,6354052.00,6218158,135894,2059.00,4111.00,6170.00,4111,2059,0.00,0.00,0,0
1409706531,s2-eth1,6217228.00,135894.00,6353122.00,135894,6217228,4110.00,2059.00,6169.00,2059,4110,0.00,0.00,0,0
1409706531,s2-eth2,135894.00,6216644.00,6352538.00,6216644,135894,2059.00,4110.00,6169.00,4110,2059,0.00,0.00,0,0
1409706531,eth0,90.00,90.00,180.00,90,90,1.00,1.00,2.00,1,1,0.00,0.00,0,0
1409706531,lo,344.00,344.00,688.00,344,344,6.00,6.00,12.00,6,6,0.00,0.00,0,0
1409706531,total,12706094.00,12707024.00,25413118.00,12707024,12706094,12345.00,12346.00,24691.00,12346,12345,0.00,0.00,0,0
1409706532,s1-eth1,6188462.00,135366.00,6323828.00,135366,6188462,4091.00,2051.00,6142.00,2051,4091,0.00,0.00,0,0
1409706532,s1-eth2,135366.00,6188462.00,6323828.00,6188462,135366,2051.00,4091.00,6142.00,4091,2051,0.00,0.00,0,0
1409706532,s2-eth1,6189392.00,135366.00,6324758.00,135366,6189392,4092.00,2051.00,6143.00,2051,4092,0.00,0.00,0,0
1409706532,s2-eth2,135366.00,6188462.00,6323828.00,6188462,135366,2051.00,4091.00,6142.00,4091,2051,0.00,0.00,0,0
1409706532,eth0,0.00,184.00,184.00,184,0,0.00,2.00,2.00,2,0,0.00,0.00,0,0
1409706532,lo,0.00,0.00,0.00,0,0,0.00,0.00,0.00,0,0,0.00,0.00,0,0
1409706532,total,12648586.00,12647840.00,25296426.00,12647840,12648586,12285.00,12286.00,24571.00,12286,12285,0.00,0.00,0,0
1409706533,s1-eth1,6225672.00,136092.00,6361764.00,136092,6225672,4116.00,2062.00,6178.00,2062,4116,0.00,0.00,0,0
1409706533,s1-eth2,136026.00,6225672.00,6361698.00,6225672,136026,2061.00,4116.00,6177.00,4116,2061,0.00,0.00,0,0
1409706533,s2-eth1,6225672.00,136026.00,6361698.00,136026,6225672,4116.00,2061.00,6177.00,2061,4116,0.00,0.00,0,0
1409706533,s2-eth2,136092.00,6225672.00,6361764.00,6225672,136092,2062.00,4116.00,6178.00,4116,2062,0.00,0.00,0,0
1409706533,eth0,0.00,92.00,92.00,92,0,0.00,1.00,1.00,1,0,0.00,0.00,0,0
1409706533,lo,0.00,0.00,0.00,0,0,0.00,0.00,0.00,0,0,0.00,0.00,0,0
1409706533,total,12723462.00,12723554.00,25447016.00,12723554,12723462,12355.00,12356.00,24711.00,12356,12355,0.00,0.00,0,0
1409706534,s1-eth1,6100248.00,126654.00,6226902.00,126654,6100248,4032.00,1919.00,5951.00,1919,4032,0.00,0.00,0,0
1409706534,s1-eth2,126786.00,6095706.00,6222492.00,6095706,126786,1921.00,4029.00,5950.00,4029,1921,0.00,0.00,0,0
1409706534,s2-eth1,6110846.00,126720.00,6237566.00,126720,6110846,4039.00,1920.00,5959.00,1920,4039,0.00,0.00,0,0
1409706534,s2-eth2,126654.00,6100248.00,6226902.00,6100248,126654,1919.00,4032.00,5951.00,4032,1919,0.00,0.00,0,0
1409706534,eth0,0.00,0.00,0.00,0,0,0.00,0.00,0.00,0,0,0.00,0.00,0,0
1409706534,lo,0.00,0.00,0.00,0,0,0.00,0.00,0.00,0,0,0.00,0.00,0,0
1409706534,total,12464534.00,12449328.00,24913862.00,12449328,12464534,11911.00,11900.00,23811.00,11900,11911,0.00,0.00,0,0
1409706535,s1-eth1,6227082.00,135300.00,6362382.00,135300,6227082,4113.00,2050.00,6163.00,2050,4113,0.00,0.00,0,0
1409706535,s1-eth2,136026.00,6227082.00,6363108.00,6227082,136026,2061.00,4113.00,6174.00,4113,2061,0.00,0.00,0,0
1409706535,s2-eth1,6227082.00,133914.00,6360996.00,133914,6227082,4113.00,2029.00,6142.00,2029,4113,0.00,0.00,0,0
1409706535,s2-eth2,135300.00,6227082.00,6362382.00,6227082,135300,2050.00,4113.00,6163.00,4113,2050,0.00,0.00,0,0
1409706535,eth0,0.00,152.00,152.00,152,0,0.00,2.00,2.00,2,0,0.00,0.00,0,0
1409706535,lo,0.00,0.00,0.00,0,0,0.00,0.00,0.00,0,0,0.00,0.00,0,0
1409706535,total,12725490.00,12723530.00,25449020.00,12723530,12725490,12337.00,12307.00,24644.00,12307,12337,0.00,0.00,0,0
1409706536,s1-eth1,6182511.50,131802.20,6314314.00,131934,6188694,4086.91,1997.00,6083.92,1999,4091,0.00,0.00,0,0
1409706536,s1-eth2,131142.00,6188694.00,6319836.00,6188694,131142,1987.00,4091.00,6078.00,4091,1987,0.00,0.00,0,0
1409706536,s2-eth1,6188694.00,133254.00,6321948.00,133254,6188694,4091.00,2019.00,6110.00,2019,4091,0.00,0.00,0,0
1409706536,s2-eth2,131934.00,6188694.00,6320628.00,6188694,131934,1999.00,4091.00,6090.00,4091,1999,0.00,0.00,0,0
1409706536,eth0,0.00,184.00,184.00,184,0,0.00,2.00,2.00,2,0,0.00,0.00,0,0
1409706536,lo,344.00,344.00,688.00,344,344,6.00,6.00,12.00,6,6,0.00,0.00,0,0
1409706536,total,12640808.00,12643104.00,25283912.00,12643104,12640808,12174.00,12208.00,24382.00,12208,12174,0.00,0.00,0,0
1409706537,s1-eth1,6216644.00,135762.00,6352406.00,135762,6216644,4110.00,2057.00,6167.00,2057,4110,0.00,0.00,0,0
1409706537,s1-eth2,135828.00,6219672.00,6355500.00,6219672,135828,2058.00,4112.00,6170.00,4112,2058,0.00,0.00,0,0
1409706537,s2-eth1,6217228.00,135828.00,6353056.00,135828,6217228,4110.00,2058.00,6168.00,2058,4110,0.00,0.00,0,0
1409706537,s2-eth2,135762.00,6216644.00,6352406.00,6216644,135762,2057.00,4110.00,6167.00,4110,2057,0.00,0.00,0,0
1409706537,eth0,0.00,0.00,0.00,0,0,0.00,0.00,0.00,0,0,0.00,0.00,0,0
1409706537,lo,0.00,0.00,0.00,0,0,0.00,0.00,0.00,0,0,0.00,0.00,0,0
1409706537,total,12705462.00,12707906.00,25413368.00,12707906,12705462,12335.00,12337.00,24672.00,12337,12335,0.00,0.00,0,0
1409706538,s1-eth1,6209602.00,135762.00,6345364.00,135762,6209602,4105.00,2057.00,6162.00,2057,4105,0.00,0.00,0,0
1409706538,s1-eth2,135696.00,6208088.00,6343784.00,6208088,135696,2056.00,4104.00,6160.00,4104,2056,0.00,0.00,0,0
1409706538,s2-eth1,6209018.00,135696.00,6344714.00,135696,6209018,4105.00,2056.00,6161.00,2056,4105,0.00,0.00,0,0
1409706538,s2-eth2,135762.00,6209602.00,6345364.00,6209602,135762,2057.00,4105.00,6162.00,4105,2057,0.00,0.00,0,0
1409706538,eth0,0.00,0.00,0.00,0,0,0.00,0.00,0.00,0,0,0.00,0.00,0,0
1409706538,lo,0.00,0.00,0.00,0,0,0.00,0.00,0.00,0,0,0.00,0.00,0,0
1409706538,total,12690078.00,12689148.00,25379226.00,12689148,12690078,12323.00,12322.00,24645.00,12322,12323,0.00,0.00,0,0
1409706539,s1-eth1,6243652.50,136351.66,6380004.00,136488,6249896,4127.87,2065.93,6193.81,2068,4132,0.00,0.00,0,0
1409706539,s1-eth2,136351.66,6246677.50,6383029.00,6252924,136488,2065.93,4129.87,6195.80,4134,2068,0.00,0.00,0,0
1409706539,s2-eth1,6243652.50,136351.66,6380004.00,136488,6249896,4127.87,2065.93,6193.81,2068,4132,0.00,0.00,0,0
1409706539,s2-eth2,136351.66,6243652.50,6380004.00,6249896,136488,2065.93,4127.87,6193.81,4132,2068,0.00,0.00,0,0
1409706539,eth0,0.00,0.00,0.00,0,0,0.00,0.00,0.00,0,0,0.00,0.00,0,0
1409706539,lo,0.00,0.00,0.00,0,0,0.00,0.00,0.00,0,0,0.00,0.00,0,0
1409706539,total,12760008.00,12763033.00,25523042.00,12775796,12772768,12387.61,12389.61,24777.22,12402,12400,0.00,0.00,0,0
1409706540,s1-eth1,6257466.00,136752.00,6394218.00,136752,6257466,4137.00,2072.00,6209.00,2072,4137,0.00,0.00,0,0
1409706540,s1-eth2,136752.00,6257466.00,6394218.00,6257466,136752,2072.00,4137.00,6209.00,4137,2072,0.00,0.00,0,0
1409706540,s2-eth1,6257466.00,136818.00,6394284.00,136818,6257466,4137.00,2073.00,6210.00,2073,4137,0.00,0.00,0,0
1409706540,s2-eth2,136752.00,6257466.00,6394218.00,6257466,136752,2072.00,4137.00,6209.00,4137,2072,0.00,0.00,0,0
1409706540,eth0,0.00,60.00,60.00,60,0,0.00,1.00,1.00,1,0,0.00,0.00,0,0
1409706540,lo,0.00,0.00,0.00,0,0,0.00,0.00,0.00,0,0,0.00,0.00,0,0
1409706540,total,12788436.00,12788562.00,25576998.00,12788562,12788436,12418.00,12420.00,24838.00,12420,12418,0.00,0.00,0,0
1409706541,s1-eth1,6253742.00,136620.00,6390362.00,136620,6253742,4135.00,2070.00,6205.00,2070,4135,0.00,0.00,0,0
1409706541,s1-eth2,136620.00,6252228.00,6388848.00,6252228,136620,2070.00,4134.00,6204.00,4134,2070,0.00,0.00,0,0
1409706541,s2-eth1,6253742.00,136620.00,6390362.00,136620,6253742,4135.00,2070.00,6205.00,2070,4135,0.00,0.00,0,0
1409706541,s2-eth2,136620.00,6253742.00,6390362.00,6253742,136620,2070.00,4135.00,6205.00,4135,2070,0.00,0.00,0,0
1409706541,eth0,0.00,0.00,0.00,0,0,0.00,0.00,0.00,0,0,0.00,0.00,0,0
1409706541,lo,344.00,344.00,688.00,344,344,6.00,6.00,12.00,6,6,0.00,0.00,0,0
1409706541,total,12781068.00,12779554.00,25560622.00,12779554,12781068,12416.00,12415.00,24831.00,12415,12416,0.00,0.00,0,0
1409706542,s1-eth1,6252966.00,136596.00,6389562.00,136596,6252966,4135.00,2070.00,6205.00,2070,4135,0.00,0.00,0,0
1409706542,s1-eth2,136596.00,6252966.00,6389562.00,6252966,136596,2070.00,4135.00,6205.00,4135,2070,0.00,0.00,0,0
1409706542,s2-eth1,6252966.00,136530.00,6389496.00,136530,6252966,4135.00,2069.00,6204.00,2069,4135,0.00,0.00,0,0
1409706542,s2-eth2,136596.00,6252966.00,6389562.00,6252966,136596,2070.00,4135.00,6205.00,4135,2070,0.00,0.00,0,0
1409706542,eth0,0.00,92.00,92.00,92,0,0.00,1.00,1.00,1,0,0.00,0.00,0,0
1409706542,lo,0.00,0.00,0.00,0,0,0.00,0.00,0.00,0,0,0.00,0.00,0,0
1409706542,total,12779124.00,12779150.00,25558274.00,12779150,12779124,12410.00,12410.00,24820.00,12410,12410,0.00,0.00,0,0
1409706543,s1-eth1,6243840.00,136356.00,6380196.00,136356,6243840,4128.00,2066.00,6194.00,2066,4128,0.00,0.00,0,0
1409706543,s1-eth2,136422.00,6245354.00,6381776.00,6245354,136422,2067.00,4129.00,6196.00,4129,2067,0.00,0.00,0,0
1409706543,s2-eth1,6243840.00,136422.00,6380262.00,136422,6243840,4128.00,2067.00,6195.00,2067,4128,0.00,0.00,0,0
1409706543,s2-eth2,136356.00,6243840.00,6380196.00,6243840,136356,2066.00,4128.00,6194.00,4128,2066,0.00,0.00,0,0
1409706543,eth0,0.00,92.00,92.00,92,0,0.00,1.00,1.00,1,0,0.00,0.00,0,0
1409706543,lo,0.00,0.00,0.00,0,0,0.00,0.00,0.00,0,0,0.00,0.00,0,0
1409706543,total,12760458.00,12762064.00,25522522.00,12762064,12760458,12389.00,12391.00,24780.00,12391,12389,0.00,0.00,0,0
1409706544,s1-eth1,6252924.00,136620.00,6389544.00,136620,6252924,4134.00,2070.00,6204.00,2070,4134,0.00,0.00,0,0
1409706544,s1-eth2,136488.00,6252924.00,6389412.00,6252924,136488,2068.00,4134.00,6202.00,4134,2068,0.00,0.00,0,0
1409706544,s2-eth1,6252924.00,136686.00,6389610.00,136686,6252924,4134.00,2071.00,6205.00,2071,4134,0.00,0.00,0,0
1409706544,s2-eth2,136620.00,6252924.00,6389544.00,6252924,136620,2070.00,4134.00,6204.00,4134,2070,0.00,0.00,0,0
1409706544,eth0,0.00,184.00,184.00,184,0,0.00,2.00,2.00,2,0,0.00,0.00,0,0
1409706544,lo,0.00,0.00,0.00,0,0,0.00,0.00,0.00,0,0,0.00,0.00,0,0
1409706544,total,12778956.00,12779338.00,25558294.00,12779338,12778956,12406.00,12411.00,24817.00,12411,12406,0.00,0.00,0,0
1409706545,s1-eth1,6250602.00,136686.00,6387288.00,136686,6250602,4133.00,2071.00,6204.00,2071,4133,0.00,0.00,0,0
1409706545,s1-eth2,136818.00,6250780.00,6387598.00,6250780,136818,2073.00,4134.00,6207.00,4134,2073,0.00,0.00,0,0
1409706545,s2-eth1,6250602.00,136620.00,6387222.00,136620,6250602,4133.00,2070.00,6203.00,2070,4133,0.00,0.00,0,0
1409706545,s2-eth2,136686.00,6250602.00,6387288.00,6250602,136686,2071.00,4133.00,6204.00,4133,2071,0.00,0.00,0,0
1409706545,eth0,0.00,152.00,152.00,152,0,0.00,2.00,2.00,2,0,0.00,0.00,0,0
1409706545,lo,0.00,0.00,0.00,0,0,0.00,0.00,0.00,0,0,0.00,0.00,0,0
1409706545,total,12774708.00,12774840.00,25549548.00,12774840,12774708,12410.00,12410.00,24820.00,12410,12410,0.00,0.00,0,0
1409706546,s1-eth1,6253686.00,136554.00,6390240.00,136554,6253686,4135.00,2069.00,6204.00,2069,4135,0.00,0.00,0,0
1409706546,s1-eth2,136488.00,6251994.00,6388482.00,6251994,136488,2068.00,4133.00,6201.00,4133,2068,0.00,0.00,0,0
1409706546,s2-eth1,6253686.00,136488.00,6390174.00,136488,6253686,4135.00,2068.00,6203.00,2068,4135,0.00,0.00,0,0
1409706546,s2-eth2,136554.00,6253686.00,6390240.00,6253686,136554,2069.00,4135.00,6204.00,4135,2069,0.00,0.00,0,0
1409706546,eth0,0.00,92.00,92.00,92,0,0.00,1.00,1.00,1,0,0.00,0.00,0,0
1409706546,lo,344.00,344.00,688.00,344,344,6.00,6.00,12.00,6,6,0.00,0.00,0,0
1409706546,total,12780758.00,12779158.00,25559916.00,12779158,12780758,12413.00,12412.00,24825.00,12412,12413,0.00,0.00,0,0
1409706547,s1-eth1,6234812.00,136092.00,6370904.00,136092,6234812,4122.00,2062.00,6184.00,2062,4122,0.00,0.00,0,0
1409706547,s1-eth2,136092.00,6237840.00,6373932.00,6237840,136092,2062.00,4124.00,6186.00,4124,2062,0.00,0.00,0,0
1409706547,s2-eth1,6231784.00,136158.00,6367942.00,136158,6231784,4120.00,2063.00,6183.00,2063,4120,0.00,0.00,0,0
1409706547,s2-eth2,136092.00,6234812.00,6370904.00,6234812,136092,2062.00,4122.00,6184.00,4122,2062,0.00,0.00,0,0
1409706547,eth0,0.00,92.00,92.00,92,0,0.00,1.00,1.00,1,0,0.00,0.00,0,0
1409706547,lo,0.00,0.00,0.00,0,0,0.00,0.00,0.00,0,0,0.00,0.00,0,0
1409706547,total,12738780.00,12744994.00,25483774.00,12744994,12738780,12366.00,12372.00,24738.00,12372,12366,0.00,0.00,0,0
1409706548,s1-eth1,6254382.00,136752.00,6391134.00,136752,6254382,4135.00,2072.00,6207.00,2072,4135,0.00,0.00,0,0
1409706548,s1-eth2,136818.00,6252868.00,6389686.00,6252868,136818,2073.00,4134.00,6207.00,4134,2073,0.00,0.00,0,0
1409706548,s2-eth1,6254382.00,136752.00,6391134.00,136752,6254382,4135.00,2072.00,6207.00,2072,4135,0.00,0.00,0,0
1409706548,s2-eth2,136752.00,6254382.00,6391134.00,6254382,136752,2072.00,4135.00,6207.00,4135,2072,0.00,0.00,0,0
1409706548,eth0,0.00,184.00,184.00,184,0,0.00,2.00,2.00,2,0,0.00,0.00,0,0
1409706548,lo,0.00,0.00,0.00,0,0,0.00,0.00,0.00,0,0,0.00,0.00,0,0
1409706548,total,12782334.00,12780938.00,25563272.00,12780938,12782334,12415.00,12415.00,24830.00,12415,12415,0.00,0.00,0,0
1409706549,s1-eth1,6246050.00,136422.00,6382472.00,136422,6246050,4129.00,2067.00,6196.00,2067,4129,0.00,0.00,0,0
1409706549,s1-eth2,136356.00,6246050.00,6382406.00,6246050,136356,2066.00,4129.00,6195.00,4129,2066,0.00,0.00,0,0
1409706549,s2-eth1,6246050.00,136422.00,6382472.00,136422,6246050,4129.00,2067.00,6196.00,2067,4129,0.00,0.00,0,0
1409706549,s2-eth2,136422.00,6246050.00,6382472.00,6246050,136422,2067.00,4129.00,6196.00,4129,2067,0.00,0.00,0,0
1409706549,eth0,0.00,92.00,92.00,92,0,0.00,1.00,1.00,1,0,0.00,0.00,0,0
1409706549,lo,0.00,0.00,0.00,0,0,0.00,0.00,0.00,0,0,0.00,0.00,0,0
1409706549,total,12764878.00,12765036.00,25529914.00,12765036,12764878,12391.00,12393.00,24784.00,12393,12391,0.00,0.00,0,0
1409706550,s1-eth1,6251532.00,136554.00,6388086.00,136554,6251532,4134.00,2069.00,6203.00,2069,4134,0.00,0.00,0,0
1409706550,s1-eth2,136554.00,6251532.00,6388086.00,6251532,136554,2069.00,4134.00,6203.00,4134,2069,0.00,0.00,0,0
1409706550,s2-eth1,6251532.00,136554.00,6388086.00,136554,6251532,4134.00,2069.00,6203.00,2069,4134,0.00,0.00,0,0
1409706550,s2-eth2,136554.00,6251532.00,6388086.00,6251532,136554,2069.00,4134.00,6203.00,4134,2069,0.00,0.00,0,0
1409706550,eth0,0.00,92.00,92.00,92,0,0.00,1.00,1.00,1,0,0.00,0.00,0,0
1409706550,lo,0.00,0.00,0.00,0,0,0.00,0.00,0.00,0,0,0.00,0.00,0,0
1409706550,total,12776172.00,12776264.00,25552436.00,12776264,12776172,12406.00,12407.00,24813.00,12407,12406,0.00,0.00,0,0
1409706551,s1-eth1,6253808.00,136686.00,6390494.00,136686,6253808,4136.00,2071.00,6207.00,2071,4136,0.00,0.00,0,0
1409706551,s1-eth2,136686.00,6253808.00,6390494.00,6253808,136686,2071.00,4136.00,6207.00,4136,2071,0.00,0.00,0,0
1409706551,s2-eth1,6253630.00,136752.00,6390382.00,136752,6253630,4135.00,2072.00,6207.00,2072,4135,0.00,0.00,0,0
1409706551,s2-eth2,136686.00,6253808.00,6390494.00,6253808,136686,2071.00,4136.00,6207.00,4136,2071,0.00,0.00,0,0
1409706551,eth0,0.00,152.00,152.00,152,0,0.00,2.00,2.00,2,0,0.00,0.00,0,0
1409706551,lo,344.00,344.00,688.00,344,344,6.00,6.00,12.00,6,6,0.00,0.00,0,0
1409706551,total,12781154.00,12781550.00,25562704.00,12781550,12781154,12419.00,12423.00,24842.00,12423,12419,0.00,0.00,0,0
1409706552,s1-eth1,6252878.00,136752.00,6389630.00,136752,6252878,4135.00,2072.00,6207.00,2072,4135,0.00,0.00,0,0
1409706552,s1-eth2,136818.00,6252878.00,6389696.00,6252878,136818,2073.00,4135.00,6208.00,4135,2073,0.00,0.00,0,0
1409706552,s2-eth1,6253056.00,136686.00,6389742.00,136686,6253056,4136.00,2071.00,6207.00,2071,4136,0.00,0.00,0,0
1409706552,s2-eth2,136752.00,6252878.00,6389630.00,6252878,136752,2072.00,4135.00,6207.00,4135,2072,0.00,0.00,0,0
1409706552,eth0,0.00,92.00,92.00,92,0,0.00,1.00,1.00,1,0,0.00,0.00,0,0
1409706552,lo,0.00,0.00,0.00,0,0,0.00,0.00,0.00,0,0,0.00,0.00,0,0
1409706552,total,12779504.00,12779286.00,25558790.00,12779286,12779504,12416.00,12414.00,24830.00,12414,12416,0.00,0.00,0,0
1409706553,s1-eth1,6249824.50,136549.45,6386374.00,136686,6256074,4132.87,2068.93,6201.80,2071,4137,0.00,0.00,0,0
1409706553,s1-eth2,136483.52,6249824.50,6386308.00,6256074,136620,2067.93,4132.87,6200.80,4137,2070,0.00,0.00,0,0
1409706553,s2-eth1,6251337.00,136549.45,6387886.50,136686,6257588,4133.87,2068.93,6202.80,2071,4138,0.00,0.00,0,0
1409706553,s2-eth2,136549.45,6249824.50,6386374.00,6256074,136686,2068.93,4132.87,6201.80,4137,2071,0.00,0.00,0,0
1409706553,eth0,0.00,183.82,183.82,184,0,0.00,2.00,2.00,2,0,0.00,0.00,0,0
1409706553,lo,0.00,0.00,0.00,0,0,0.00,0.00,0.00,0,0,0.00,0.00,0,0
1409706553,total,12774194.00,12772931.00,25547126.00,12785704,12786968,12403.60,12405.59,24809.19,12418,12416,0.00,0.00,0,0
1409706554,s1-eth1,6251920.00,136615.39,6388535.50,136752,6258172,4133.87,2069.93,6203.80,2072,4138,0.00,0.00,0,0
1409706554,s1-eth2,136752.00,6256658.00,6393410.00,6256658,136752,2072.00,4137.00,6209.00,4137,2072,0.00,0.00,0,0
1409706554,s2-eth1,6256658.00,136752.00,6393410.00,136752,6256658,4137.00,2072.00,6209.00,2072,4137,0.00,0.00,0,0
1409706554,s2-eth2,136752.00,6258172.00,6394924.00,6258172,136752,2072.00,4138.00,6210.00,4138,2072,0.00,0.00,0,0
1409706554,eth0,0.00,0.00,0.00,0,0,0.00,0.00,0.00,0,0,0.00,0.00,0,0
1409706554,lo,0.00,0.00,0.00,0,0,0.00,0.00,0.00,0,0,0.00,0.00,0,0
1409706554,total,12788334.00,12788334.00,25576668.00,12788334,12788334,12419.00,12419.00,24838.00,12419,12419,0.00,0.00,0,0
1409706555,s1-eth1,6247676.00,136356.00,6384032.00,136356,6247676,4130.00,2066.00,6196.00,2066,4130,0.00,0.00,0,0
1409706555,s1-eth2,136356.00,6249190.00,6385546.00,6249190,136356,2066.00,4131.00,6197.00,4131,2066,0.00,0.00,0,0
1409706555,s2-eth1,6247676.00,136356.00,6384032.00,136356,6247676,4130.00,2066.00,6196.00,2066,4130,0.00,0.00,0,0
1409706555,s2-eth2,136356.00,6247676.00,6384032.00,6247676,136356,2066.00,4130.00,6196.00,4130,2066,0.00,0.00,0,0
1409706555,eth0,0.00,212.00,212.00,212,0,0.00,3.00,3.00,3,0,0.00,0.00,0,0
1409706555,lo,0.00,0.00,0.00,0,0,0.00,0.00,0.00,0,0,0.00,0.00,0,0
1409706555,total,12768064.00,12769790.00,25537854.00,12769790,12768064,12392.00,12396.00,24788.00,12396,12392,0.00,0.00,0,0
1409706556,s1-eth1,6253620.00,136620.00,6390240.00,136620,6253620,4134.00,2070.00,6204.00,2070,4134,0.00,0.00,0,0
1409706556,s1-eth2,136554.00,6252106.00,6388660.00,6252106,136554,2069.00,4133.00,6202.00,4133,2069,0.00,0.00,0,0
1409706556,s2-eth1,6253620.00,136620.00,6390240.00,136620,6253620,4134.00,2070.00,6204.00,2070,4134,0.00,0.00,0,0
1409706556,s2-eth2,136620.00,6253620.00,6390240.00,6253620,136620,2070.00,4134.00,6204.00,4134,2070,0.00,0.00,0,0
1409706556,eth0,0.00,184.00,184.00,184,0,0.00,2.00,2.00,2,0,0.00,0.00,0,0
1409706556,lo,344.00,344.00,688.00,344,344,6.00,6.00,12.00,6,6,0.00,0.00,0,0
1409706556,total,12780758.00,12779494.00,25560252.00,12779494,12780758,12413.00,12415.00,24828.00,12415,12413,0.00,0.00,0,0
1409706557,s1-eth1,6252106.00,136620.00,6388726.00,136620,6252106,4133.00,2070.00,6203.00,2070,4133,0.00,0.00,0,0
1409706557,s1-eth2,136752.00,6253620.00,6390372.00,6253620,136752,2072.00,4134.00,6206.00,4134,2072,0.00,0.00,0,0
1409706557,s2-eth1,6252106.00,136620.00,6388726.00,136620,6252106,4133.00,2070.00,6203.00,2070,4133,0.00,0.00,0,0
1409706557,s2-eth2,136620.00,6252106.00,6388726.00,6252106,136620,2070.00,4133.00,6203.00,4133,2070,0.00,0.00,0,0
1409706557,eth0,0.00,0.00,0.00,0,0,0.00,0.00,0.00,0,0,0.00,0.00,0,0
1409706557,lo,0.00,0.00,0.00,0,0,0.00,0.00,0.00,0,0,0.00,0.00,0,0
1409706557,total,12777584.00,12778966.00,25556550.00,12778966,12777584,12408.00,12407.00,24815.00,12407,12408,0.00,0.00,0,0
1409706558,s1-eth1,6253620.00,136686.00,6390306.00,136686,6253620,4134.00,2071.00,6205.00,2071,4134,0.00,0.00,0,0
1409706558,s1-eth2,136620.00,6253620.00,6390240.00,6253620,136620,2070.00,4134.00,6204.00,4134,2070,0.00,0.00,0,0
1409706558,s2-eth1,6253620.00,136686.00,6390306.00,136686,6253620,4134.00,2071.00,6205.00,2071,4134,0.00,0.00,0,0
1409706558,s2-eth2,136686.00,6253620.00,6390306.00,6253620,136686,2071.00,4134.00,6205.00,4134,2071,0.00,0.00,0,0
1409706558,eth0,0.00,0.00,0.00,0,0,0.00,0.00,0.00,0,0,0.00,0.00,0,0
1409706558,lo,0.00,0.00,0.00,0,0,0.00,0.00,0.00,0,0,0.00,0.00,0,0
1409706558,total,12780546.00,12780612.00,25561158.00,12780612,12780546,12409.00,12410.00,24819.00,12410,12409,0.00,0.00,0,0
1409706559,s1-eth1,6228466.00,136092.00,6364558.00,136092,6228466,4117.00,2062.00,6179.00,2062,4117,0.00,0.00,0,0
1409706559,s1-eth2,136092.00,6226952.00,6363044.00,6226952,136092,2062.00,4116.00,6178.00,4116,2062,0.00,0.00,0,0
1409706559,s2-eth1,6228466.00,136092.00,6364558.00,136092,6228466,4117.00,2062.00,6179.00,2062,4117,0.00,0.00,0,0
1409706559,s2-eth2,136092.00,6229980.00,6366072.00,6229980,136092,2062.00,4118.00,6180.00,4118,2062,0.00,0.00,0,0
1409706559,eth0,0.00,0.00,0.00,0,0,0.00,0.00,0.00,0,0,0.00,0.00,0,0
1409706559,lo,0.00,0.00,0.00,0,0,0.00,0.00,0.00,0,0,0.00,0.00,0,0
1409706559,total,12729116.00,12729116.00,25458232.00,12729116,12729116,12358.00,12358.00,24716.00,12358,12358,0.00,0.00,0,0
1409706560,s1-eth1,6250694.00,136422.00,6387116.00,136422,6250694,4131.00,2067.00,6198.00,2067,4131,0.00,0.00,0,0
1409706560,s1-eth2,136422.00,6250694.00,6387116.00,6250694,136422,2067.00,4131.00,6198.00,4131,2067,0.00,0.00,0,0
1409706560,s2-eth1,6250694.00,136422.00,6387116.00,136422,6250694,4131.00,2067.00,6198.00,2067,4131,0.00,0.00,0,0
1409706560,s2-eth2,136422.00,6249180.00,6385602.00,6249180,136422,2067.00,4130.00,6197.00,4130,2067,0.00,0.00,0,0
1409706560,eth0,0.00,0.00,0.00,0,0,0.00,0.00,0.00,0,0,0.00,0.00,0,0
1409706560,lo,0.00,0.00,0.00,0,0,0.00,0.00,0.00,0,0,0.00,0.00,0,0
1409706560,total,12774232.00,12772718.00,25546950.00,12772718,12774232,12396.00,12395.00,24791.00,12395,12396,0.00,0.00,0,0
1409706561,s1-eth1,720299.75,20043.96,740343.69,20064,721020,477.52,303.70,781.22,304,478,0.00,0.00,0,0
1409706561,s1-eth2,21428.57,655262.75,676691.31,655918,21450,324.68,434.57,759.24,435,325,0.00,0.00,0,0
1409706561,s2-eth1,786849.19,18659.34,805508.50,18678,787636,521.48,282.72,804.20,283,522,0.00,0.00,0,0
1409706561,s2-eth2,20043.96,720299.75,740343.69,721020,20064,303.70,477.52,781.22,478,304,0.00,0.00,0,0
1409706561,eth0,0.00,59.94,59.94,60,0,0.00,1.00,1.00,1,0,0.00,0.00,0,0
1409706561,lo,343.66,343.66,687.31,344,344,5.99,5.99,11.99,6,6,0.00,0.00,0,0
1409706561,total,1548965.12,1414669.38,2963634.50,1416084,1550514,1633.37,1505.49,3138.86,1507,1635,0.00,0.00,0,0
1409706562,s1-eth1,0.00,0.00,0.00,0,0,0.00,0.00,0.00,0,0,0.00,0.00,0,0
1409706562,s1-eth2,0.00,0.00,0.00,0,0,0.00,0.00,0.00,0,0,0.00,0.00,0,0
1409706562,s2-eth1,0.00,0.00,0.00,0,0,0.00,0.00,0.00,0,0,0.00,0.00,0,0
1409706562,s2-eth2,0.00,0.00,0.00,0,0,0.00,0.00,0.00,0,0,0.00,0.00,0,0
1409706562,eth0,0.00,0.00,0.00,0,0,0.00,0.00,0.00,0,0,0.00,0.00,0,0
1409706562,lo,0.00,0.00,0.00,0,0,0.00,0.00,0.00,0,0,0.00,0.00,0,0
1409706562,total,0.00,0.00,0.00,0,0,0.00,0.00,0.00,0,0,0.00,0.00,0,0
1409706563,s1-eth1,0.00,0.00,0.00,0,0,0.00,0.00,0.00,0,0,0.00,0.00,0,0
1409706563,s1-eth2,0.00,0.00,0.00,0,0,0.00,0.00,0.00,0,0,0.00,0.00,0,0
1409706563,s2-eth1,0.00,0.00,0.00,0,0,0.00,0.00,0.00,0,0,0.00,0.00,0,0
1409706563,s2-eth2,0.00,0.00,0.00,0,0,0.00,0.00,0.00,0,0,0.00,0.00,0,0
1409706563,eth0,0.00,0.00,0.00,0,0,0.00,0.00,0.00,0,0,0.00,0.00,0,0
1409706563,lo,0.00,0.00,0.00,0,0,0.00,0.00,0.00,0,0,0.00,0.00,0,0
1409706563,total,0.00,0.00,0.00,0,0,0.00,0.00,0.00,0,0,0.00,0.00,0,0
1409706564,s1-eth1,0.00,0.00,0.00,0,0,0.00,0.00,0.00,0,0,0.00,0.00,0,0
1409706564,s1-eth2,0.00,0.00,0.00,0,0,0.00,0.00,0.00,0,0,0.00,0.00,0,0
1409706564,s2-eth1,0.00,0.00,0.00,0,0,0.00,0.00,0.00,0,0,0.00,0.00,0,0
1409706564,s2-eth2,0.00,0.00,0.00,0,0,0.00,0.00,0.00,0,0,0.00,0.00,0,0
1409706564,eth0,0.00,0.00,0.00,0,0,0.00,0.00,0.00,0,0,0.00,0.00,0,0
1409706564,lo,0.00,0.00,0.00,0,0,0.00,0.00,0.00,0,0,0.0