1410575562,s1-eth1,0.00,0.00,0.00,0,0,0.00,0.00,0.00,0,0,0.00,0.00,0,0
1410575562,s1-eth3,0.00,0.00,0.00,0,0,0.00,0.00,0.00,0,0,0.00,0.00,0,0
1410575562,s1-eth2,0.00,0.00,0.00,0,0,0.00,0.00,0.00,0,0,0.00,0.00,0,0
1410575562,s2-eth1,0.00,0.00,0.00,0,0,0.00,0.00,0.00,0,0,0.00,0.00,0,0
1410575562,s2-eth3,0.00,0.00,0.00,0,0,0.00,0.00,0.00,0,0,0.00,0.00,0,0
1410575562,s2-eth2,0.00,0.00,0.00,0,0,0.00,0.00,0.00,0,0,0.00,0.00,0,0
1410575562,s3-eth1,0.00,0.00,0.00,0,0,0.00,0.00,0.00,0,0,0.00,0.00,0,0
1410575562,s3-eth2,0.00,0.00,0.00,0,0,0.00,0.00,0.00,0,0,0.00,0.00,0,0
1410575562,eth0,0.00,0.00,0.00,0,0,0.00,0.00,0.00,0,0,0.00,0.00,0,0
1410575562,lo,0.00,0.00,0.00,0,0,0.00,0.00,0.00,0,0,0.00,0.00,0,0
1410575562,total,0.00,0.00,0.00,0,0,0.00,0.00,0.00,0,0,0.00,0.00,0,0
1410575563,s1-eth1,1250290.00,28380.00,1278670.00,28380,1250290,829.00,430.00,1259.00,430,829,0.00,0.00,0,0
1410575563,s1-eth3,19206.00,855866.00,875072.00,855866,19206,291.00,569.00,860.00,569,291,0.00,0.00,0,0
1410575563,s1-eth2,9264.00,417290.00,426554.00,417290,9264,140.00,277.00,417.00,277,140,0.00,0.00,0,0
1410575563,s2-eth1,855866.00,19206.00,875072.00,19206,855866,569.00,291.00,860.00,291,569,0.00,0.00,0,0
1410575563,s2-eth3,9462.00,424042.00,433504.00,424042,9462,143.00,281.00,424.00,281,143,0.00,0.00,0,0
1410575563,s2-eth2,9768.00,431824.00,441592.00,431824,9768,148.00,288.00,436.00,288,148,0.00,0.00,0,0
1410575563,s3-eth1,424042.00,9462.00,433504.00,9462,424042,281.00,143.00,424.00,143,281,0.00,0.00,0,0
1410575563,s3-eth2,9528.00,424042.00,433570.00,424042,9528,144.00,281.00,425.00,281,144,0.00,0.00,0,0
1410575563,eth0,0.00,92.00,92.00,92,0,0.00,1.00,1.00,1,0,0.00,0.00,0,0
1410575563,lo,864.00,864.00,1728.00,864,864,9.00,9.00,18.00,9,9,0.00,0.00,0,0
1410575563,total,2588290.00,2611068.00,5199358.00,2611068,2588290,2554.00,2570.00,5124.00,2570,2554,0.00,0.00,0,0
1410575564,s1-eth1,1249750.00,28644.00,1278394.00,28644,1249750,831.00,434.00,1265.00,434,831,0.00,0.00,0,0
1410575564,s1-eth3,19470.00,872552.00,892022.00,872552,19470,295.00,580.00,875.00,580,295,0.00,0.00,0,0
1410575564,s1-eth2,9174.00,414262.00,423436.00,414262,9174,139.00,275.00,414.00,275,139,0.00,0.00,0,0
1410575564,s2-eth1,872552.00,19470.00,892022.00,19470,872552,580.00,295.00,875.00,295,580,0.00,0.00,0,0
1410575564,s2-eth3,10164.00,459804.00,469968.00,459804,10164,154.00,306.00,460.00,306,154,0.00,0.00,0,0
1410575564,s2-eth2,9372.00,412748.00,422120.00,412748,9372,142.00,274.00,416.00,274,142,0.00,0.00,0,0
1410575564,s3-eth1,459804.00,10164.00,469968.00,10164,459804,306.00,154.00,460.00,154,306,0.00,0.00,0,0
1410575564,s3-eth2,10164.00,459804.00,469968.00,459804,10164,154.00,306.00,460.00,306,154,0.00,0.00,0,0
1410575564,eth0,0.00,92.00,92.00,92,0,0.00,1.00,1.00,1,0,0.00,0.00,0,0
1410575564,lo,0.00,0.00,0.00,0,0,0.00,0.00,0.00,0,0,0.00,0.00,0,0
1410575564,total,2640450.00,2677540.00,5317990.00,2677540,2640450,2601.00,2625.00,5226.00,2625,2601,0.00,0.00,0,0
1410575565,s1-eth1,1250688.00,28404.00,1279092.00,28404,1250688,834.00,430.00,1264.00,430,834,0.00,0.00,0,0
1410575565,s1-eth3,19126.00,846832.00,865958.00,846832,19126,289.00,564.00,853.00,564,289,0.00,0.00,0,0
1410575565,s1-eth2,9602.00,412908.00,422510.00,412908,9602,145.00,276.00,421.00,276,145,0.00,0.00,0,0
1410575565,s2-eth1,846832.00,19126.00,865958.00,19126,846832,564.00,289.00,853.00,289,564,0.00,0.00,0,0
1410575565,s2-eth3,9164.00,394650.00,403814.00,394650,9164,138.00,263.00,401.00,263,138,0.00,0.00,0,0
1410575565,s2-eth2,10352.00,452182.00,462534.00,452182,10352,156.00,301.00,457.00,301,156,0.00,0.00,0,0
1410575565,s3-eth1,394650.00,9164.00,403814.00,9164,394650,263.00,138.00,401.00,138,263,0.00,0.00,0,0
1410575565,s3-eth2,9164.00,394650.00,403814.00,394650,9164,138.00,263.00,401.00,263,138,0.00,0.00,0,0
1410575565,eth0,0.00,184.00,184.00,184,0,0.00,2.00,2.00,2,0,0.00,0.00,0,0
1410575565,lo,4140.00,4140.00,8280.00,4140,4140,45.00,45.00,90.00,45,45,0.00,0.00,0,0
1410575565,total,2553718.00,2562240.00,5115958.00,2562240,2553718,2572.00,2571.00,5143.00,2571,2572,0.00,0.00,0,0
1410575566,s1-eth1,1251960.00,28426.00,1280386.00,28426,1251960,832.00,431.00,1263.00,431,832,0.00,0.00,0,0
1410575566,s1-eth3,19534.00,878612.00,898146.00,878612,19534,297.00,586.00,883.00,586,297,0.00,0.00,0,0
1410575566,s1-eth2,9196.00,408986.00,418182.00,408986,9196,140.00,273.00,413.00,273,140,0.00,0.00,0,0
1410575566,s2-eth1,878612.00,19534.00,898146.00,19534,878612,586.00,297.00,883.00,297,586,0.00,0.00,0,0
1410575566,s2-eth3,10030.00,441640.00,451670.00,441640,10030,153.00,296.00,449.00,296,153,0.00,0.00,0,0
1410575566,s2-eth2,9592.00,440084.00,449676.00,440084,9592,146.00,294.00,440.00,294,146,0.00,0.00,0,0
1410575566,s3-eth1,441640.00,10030.00,451670.00,10030,441640,296.00,153.00,449.00,153,296,0.00,0.00,0,0
1410575566,s3-eth2,10030.00,441640.00,451670.00,441640,10030,153.00,296.00,449.00,296,153,0.00,0.00,0,0
1410575566,eth0,0.00,92.00,92.00,92,0,0.00,1.00,1.00,1,0,0.00,0.00,0,0
1410575566,lo,6308.00,6308.00,12616.00,6308,6308,61.00,61.00,122.00,61,61,0.00,0.00,0,0
1410575566,total,2636902.00,2675352.00,5312254.00,2675352,2636902,2664.00,2688.00,5352.00,2688,2664,0.00,0.00,0,0
1410575567,s1-eth1,1250422.00,29106.00,1279528.00,29106,1250422,831.00,441.00,1272.00,441,831,0.00,0.00,0,0
1410575567,s1-eth3,19404.00,863436.00,882840.00,863436,19404,294.00,574.00,868.00,574,294,0.00,0.00,0,0
1410575567,s1-eth2,9726.00,450532.00,460258.00,450532,9726,147.00,298.00,445.00,298,147,0.00,0.00,0,0
1410575567,s2-eth1,863436.00,19404.00,882840.00,19404,863436,574.00,294.00,868.00,294,574,0.00,0.00,0,0
1410575567,s2-eth3,9240.00,420408.00,429648.00,420408,9240,140.00,280.00,420.00,280,140,0.00,0.00,0,0
1410575567,s2-eth2,10320.00,440000.00,450320.00,440000,10320,156.00,292.00,448.00,292,156,0.00,0.00,0,0
1410575567,s3-eth1,420408.00,9240.00,429648.00,9240,420408,280.00,140.00,420.00,140,280,0.00,0.00,0,0
1410575567,s3-eth2,9240.00,420408.00,429648.00,420408,9240,140.00,280.00,420.00,280,140,0.00,0.00,0,0
1410575567,eth0,0.00,0.00,0.00,0,0,0.00,0.00,0.00,0,0,0.00,0.00,0,0
1410575567,lo,864.00,864.00,1728.00,864,864,9.00,9.00,18.00,9,9,0.00,0.00,0,0
1410575567,total,2593060.00,2653398.00,5246458.00,2653398,2593060,2571.00,2608.00,5179.00,2608,2571,0.00,0.00,0,0
1410575568,s1-eth1,1250290.00,44142.00,1294432.00,44142,1250290,829.00,589.00,1418.00,589,829,0.00,0.00,0,0
1410575568,s1-eth3,29062.00,883150.00,912212.00,883150,29062,385.00,587.00,972.00,587,385,0.00,0.00,0,0
1410575568,s1-eth2,15080.00,472602.00,487682.00,472602,15080,204.00,313.00,517.00,313,204,0.00,0.00,0,0
1410575568,s2-eth1,883150.00,29062.00,912212.00,29062,883150,587.00,385.00,972.00,385,587,0.00,0.00,0,0
1410575568,s2-eth3,14314.00,429402.00,443716.00,429402,14314,185.00,285.00,470.00,285,185,0.00,0.00,0,0
1410575568,s2-eth2,14682.00,453748.00,468430.00,453748,14682,199.00,302.00,501.00,302,199,0.00,0.00,0,0
1410575568,s3-eth1,429402.00,14314.00,443716.00,14314,429402,285.00,185.00,470.00,185,285,0.00,0.00,0,0
1410575568,s3-eth2,14314.00,429402.00,443716.00,429402,14314,185.00,285.00,470.00,285,185,0.00,0.00,0,0
1410575568,eth0,0.00,244.00,244.00,244,0,0.00,3.00,3.00,3,0,0.00,0.00,0,0
1410575568,lo,0.00,0.00,0.00,0,0,0.00,0.00,0.00,0,0,0.00,0.00,0,0
1410575568,total,2650294.00,2756066.00,5406360.00,2756066,2650294,2859.00,2934.00,5793.00,2934,2859,0.00,0.00,0,0
1410575569,s1-eth1,1250938.00,44504.00,1295442.00,44504,1250938,829.00,596.00,1425.00,596,829,0.00,0.00,0,0
1410575569,s1-eth3,29000.00,787654.00,816654.00,787654,29000,390.00,523.00,913.00,523,390,0.00,0.00,0,0
1410575569,s1-eth2,15714.00,414906.00,430620.00,414906,15714,209.00,275.00,484.00,275,209,0.00,0.00,0,0
1410575569,s2-eth1,787654.00,29000.00,816654.00,29000,787654,523.00,390.00,913.00,390,523,0.00,0.00,0,0
1410575569,s2-eth3,14048.00,403668.00,417716.00,403668,14048,200.00,268.00,468.00,268,200,0.00,0.00,0,0
1410575569,s2-eth2,15228.00,383986.00,399214.00,383986,15228,194.00,255.00,449.00,255,194,0.00,0.00,0,0
1410575569,s3-eth1,403668.00,14048.00,417716.00,14048,403668,268.00,200.00,468.00,200,268,0.00,0.00,0,0
1410575569,s3-eth2,14048.00,403668.00,417716.00,403668,14048,200.00,268.00,468.00,268,200,0.00,0.00,0,0
1410575569,eth0,0.00,92.00,92.00,92,0,0.00,1.00,1.00,1,0,0.00,0.00,0,0
1410575569,lo,2412.00,2412.00,4824.00,2412,2412,27.00,27.00,54.00,27,27,0.00,0.00,0,0
1410575569,total,2532710.00,2483938.00,5016648.00,2483938,2532710,2840.00,2803.00,5643.00,2803,2840,0.00,0.00,0,0
1410575570,s1-eth1,1247606.00,27592.00,1275198.00,27592,1247606,825.00,418.00,1243.00,418,825,0.00,0.00,0,0
1410575570,s1-eth3,18352.00,844812.00,863164.00,844812,18352,278.00,558.00,836.00,558,278,0.00,0.00,0,0
1410575570,s1-eth2,9310.00,431490.00,440800.00,431490,9310,141.00,285.00,426.00,285,141,0.00,0.00,0,0
1410575570,s2-eth1,844812.00,18352.00,863164.00,18352,844812,558.00,278.00,836.00,278,558,0.00,0.00,0,0
1410575570,s2-eth3,9046.00,414836.00,423882.00,414836,9046,137.00,274.00,411.00,274,137,0.00,0.00,0,0
1410575570,s2-eth2,9376.00,429976.00,439352.00,429976,9376,142.00,284.00,426.00,284,142,0.00,0.00,0,0
1410575570,s3-eth1,414836.00,9046.00,423882.00,9046,414836,274.00,137.00,411.00,137,274,0.00,0.00,0,0
1410575570,s3-eth2,9046.00,414836.00,423882.00,414836,9046,137.00,274.00,411.00,274,137,0.00,0.00,0,0
1410575570,eth0,0.00,0.00,0.00,0,0,0.00,0.00,0.00,0,0,0.00,0.00,0,0
1410575570,lo,804.00,804.00,1608.00,804,804,9.00,9.00,18.00,9,9,0.00,0.00,0,0
1410575570,total,2563188.00,2591744.00,5154932.00,2591744,2563188,2501.00,2517.00,5018.00,2517,2501,0.00,0.00,0,0
1410575571,s1-eth1,1247536.00,27390.00,1274926.00,27390,1247536,824.00,415.00,1239.00,415,824,0.00,0.00,0,0
1410575571,s1-eth3,17754.00,811504.00,829258.00,811504,17754,269.00,536.00,805.00,536,269,0.00,0.00,0,0
1410575571,s1-eth2,9702.00,443602.00,453304.00,443602,9702,147.00,293.00,440.00,293,147,0.00,0.00,0,0
1410575571,s2-eth1,811504.00,17754.00,829258.00,17754,811504,536.00,269.00,805.00,269,536,0.00,0.00,0,0
1410575571,s2-eth3,8448.00,381528.00,389976.00,381528,8448,128.00,252.00,380.00,252,128,0.00,0.00,0,0
1410575571,s2-eth2,9306.00,429976.00,439282.00,429976,9306,141.00,284.00,425.00,284,141,0.00,0.00,0,0
1410575571,s3-eth1,381528.00,8448.00,389976.00,8448,381528,252.00,128.00,380.00,128,252,0.00,0.00,0,0
1410575571,s3-eth2,8448.00,381528.00,389976.00,381528,8448,128.00,252.00,380.00,252,128,0.00,0.00,0,0
1410575571,eth0,0.00,0.00,0.00,0,0,0.00,0.00,0.00,0,0,0.00,0.00,0,0
1410575571,lo,0.00,0.00,0.00,0,0,0.00,0.00,0.00,0,0,0.00,0.00,0,0
1410575571,total,2494226.00,2501730.00,4995956.00,2501730,2494226,2425.00,2429.00,4854.00,2429,2425,0.00,0.00,0,0
1410575572,s1-eth1,1250564.00,27456.00,1278020.00,27456,1250564,826.00,416.00,1242.00,416,826,0.00,0.00,0,0
1410575572,s1-eth3,18612.00,838756.00,857368.00,838756,18612,282.00,554.00,836.00,554,282,0.00,0.00,0,0
1410575572,s1-eth2,8844.00,408780.00,417624.00,408780,8844,134.00,270.00,404.00,270,134,0.00,0.00,0,0
1410575572,s2-eth1,838756.00,18612.00,857368.00,18612,838756,554.00,282.00,836.00,282,554,0.00,0.00,0,0
1410575572,s2-eth3,8910.00,399696.00,408606.00,399696,8910,135.00,264.00,399.00,264,135,0.00,0.00,0,0
1410575572,s2-eth2,9636.00,442088.00,451724.00,442088,9636,146.00,292.00,438.00,292,146,0.00,0.00,0,0
1410575572,s3-eth1,399696.00,8910.00,408606.00,8910,399696,264.00,135.00,399.00,135,264,0.00,0.00,0,0
1410575572,s3-eth2,8910.00,399696.00,408606.00,399696,8910,135.00,264.00,399.00,264,135,0.00,0.00,0,0
1410575572,eth0,0.00,60.00,60.00,60,0,0.00,1.00,1.00,1,0,0.00,0.00,0,0
1410575572,lo,0.00,0.00,0.00,0,0,0.00,0.00,0.00,0,0,0.00,0.00,0,0
1410575572,total,2543928.00,2544054.00,5087982.00,2544054,2543928,2476.00,2478.00,4954.00,2478,2476,0.00,0.00,0,0
1410575573,s1-eth1,1250564.00,27456.00,1278020.00,27456,1250564,826.00,416.00,1242.00,416,826,0.00,0.00,0,0
1410575573,s1-eth3,17754.00,806962.00,824716.00,806962,17754,269.00,533.00,802.00,533,269,0.00,0.00,0,0
1410575573,s1-eth2,9702.00,446630.00,456332.00,446630,9702,147.00,295.00,442.00,295,147,0.00,0.00,0,0
1410575573,s2-eth1,806962.00,17754.00,824716.00,17754,806962,533.00,269.00,802.00,269,533,0.00,0.00,0,0
1410575573,s2-eth3,8976.00,398182.00,407158.00,398182,8976,136.00,263.00,399.00,263,136,0.00,0.00,0,0
1410575573,s2-eth2,8844.00,405752.00,414596.00,405752,8844,134.00,268.00,402.00,268,134,0.00,0.00,0,0
1410575573,s3-eth1,398182.00,8976.00,407158.00,8976,398182,263.00,136.00,399.00,136,263,0.00,0.00,0,0
1410575573,s3-eth2,8910.00,401210.00,410120.00,401210,8910,135.00,265.00,400.00,265,135,0.00,0.00,0,0
1410575573,eth0,0.00,0.00,0.00,0,0,0.00,0.00,0.00,0,0,0.00,0.00,0,0
1410575573,lo,0.00,0.00,0.00,0,0,0.00,0.00,0.00,0,0,0.00,0.00,0,0
1410575573,total,2509894.00,2512922.00,5022816.00,2512922,2509894,2443.00,2445.00,4888.00,2445,2443,0.00,0.00,0,0
1410575574,s1-eth1,1250564.00,27456.00,1278020.00,27456,1250564,826.00,416.00,1242.00,416,826,0.00,0.00,0,0
1410575574,s1-eth3,18546.00,859952.00,878498.00,859952,18546,281.00,568.00,849.00,568,281,0.00,0.00,0,0
1410575574,s1-eth2,8844.00,410294.00,419138.00,410294,8844,134.00,271.00,405.00,271,134,0.00,0.00,0,0
1410575574,s2-eth1,859952.00,18546.00,878498.00,18546,859952,568.00,281.00,849.00,281,568,0.00,0.00,0,0
1410575574,s2-eth3,8844.00,411808.00,420652.00,411808,8844,134.00,272.00,406.00,272,134,0.00,0.00,0,0
1410575574,s2-eth2,9702.00,448144.00,457846.00,448144,9702,147.00,296.00,443.00,296,147,0.00,0.00,0,0
1410575574,s3-eth1,411808.00,8844.00,420652.00,8844,411808,272.00,134.00,406.00,134,272,0.00,0.00,0,0
1410575574,s3-eth2,8910.00,408780.00,417690.00,408780,8910,135.00,270.00,405.00,270,135,0.00,0.00,0,0
1410575574,eth0,0.00,0.00,0.00,0,0,0.00,0.00,0.00,0,0,0.00,0.00,0,0
1410575574,lo,516.00,516.00,1032.00,516,516,9.00,9.00,18.00,9,9,0.00,0.00,0,0
1410575574,total,2577686.00,2594340.00,5172026.00,2594340,2577686,2506.00,2517.00,5023.00,2517,2506,0.00,0.00,0,0
1410575575,s1-eth1,1250564.00,34462.00,1285026.00,34462,1250564,826.00,483.00,1309.00,483,826,0.00,0.00,0,0
1410575575,s1-eth3,20832.00,822102.00,842934.00,822102,20832,306.00,543.00,849.00,543,306,0.00,0.00,0,0
1410575575,s1-eth2,13696.00,389018.00,402714.00,389018,13696,178.00,257.00,435.00,257,178,0.00,0.00,0,0
1410575575,s2-eth1,822102.00,20832.00,842934.00,20832,822102,543.00,306.00,849.00,306,543,0.00,0.00,0,0
1410575575,s2-eth3,11526.00,386070.00,397596.00,386070,11526,165.00,255.00,420.00,255,165,0.00,0.00,0,0
1410575575,s2-eth2,9240.00,439060.00,448300.00,439060,9240,140.00,290.00,430.00,290,140,0.00,0.00,0,0
1410575575,s3-eth1,386070.00,11526.00,397596.00,11526,386070,255.00,165.00,420.00,165,255,0.00,0.00,0,0
1410575575,s3-eth2,11526.00,386070.00,397596.00,386070,11526,165.00,255.00,420.00,255,165,0.00,0.00,0,0
1410575575,eth0,0.00,92.00,92.00,92,0,0.00,1.00,1.00,1,0,0.00,0.00,0,0
1410575575,lo,0.00,0.00,0.00,0,0,0.00,0.00,0.00,0,0,0.00,0.00,0,0
1410575575,total,2525556.00,2489232.00,5014788.00,2489232,2525556,2578.00,2555.00,5133.00,2555,2578,0.00,0.00,0,0
1410575576,s1-eth1,1251670.00,29202.00,1280872.00,29202,1251670,827.00,439.00,1266.00,439,827,0.00,0.00,0,0
1410575576,s1-eth3,20424.00,891540.00,911964.00,891540,20424,306.00,590.00,896.00,590,306,0.00,0.00,0,0
1410575576,s1-eth2,8778.00,399696.00,408474.00,399696,8778,133.00,264.00,397.00,264,133,0.00,0.00,0,0
1410575576,s2-eth1,891540.00,20424.00,911964.00,20424,891540,590.00,306.00,896.00,306,590,0.00,0.00,0,0
1410575576,s2-eth3,9930.00,417672.00,427602.00,417672,9930,147.00,276.00,423.00,276,147,0.00,0.00,0,0
1410575576,s2-eth2,10494.00,470840.00,481334.00,470840,10494,159.00,312.00,471.00,312,159,0.00,0.00,0,0
1410575576,s3-eth1,417672.00,9930.00,427602.00,9930,417672,276.00,147.00,423.00,147,276,0.00,0.00,0,0
1410575576,s3-eth2,9930.00,417672.00,427602.00,417672,9930,147.00,276.00,423.00,276,147,0.00,0.00,0,0
1410575576,eth0,0.00,184.00,184.00,184,0,0.00,2.00,2.00,2,0,0.00,0.00,0,0
1410575576,lo,0.00,0.00,0.00,0,0,0.00,0.00,0.00,0,0,0.00,0.00,0,0
1410575576,total,2620438.00,2657160.00,5277598.00,2657160,2620438,2585.00,2612.00,5197.00,2612,2585,0.00,0.00,0,0
1410575577,s1-eth1,1249294.00,36118.00,1285412.00,36118,1249294,827.00,507.00,1334.00,507,827,0.00,0.00,0,0
1410575577,s1-eth3,26350.00,770748.00,797098.00,770748,26350,359.00,510.00,869.00,510,359,0.00,0.00,0,0
1410575577,s1-eth2,9768.00,452686.00,462454.00,452686,9768,148.00,299.00,447.00,299,148,0.00,0.00,0,0
1410575577,s2-eth1,770748.00,26350.00,797098.00,26350,770748,510.00,359.00,869.00,359,510,0.00,0.00,0,0
1410575577,s2-eth3,10758.00,307342.00,318100.00,307342,10758,151.00,203.00,354.00,203,151,0.00,0.00,0,0
1410575577,s2-eth2,15658.00,487630.00,503288.00,487630,15658,209.00,323.00,532.00,323,209,0.00,0.00,0,0
1410575577,s3-eth1,307342.00,10758.00,318100.00,10758,307342,203.00,151.00,354.00,151,203,0.00,0.00,0,0
1410575577,s3-eth2,10692.00,307342.00,318034.00,307342,10692,150.00,203.00,353.00,203,150,0.00,0.00,0,0
1410575577,eth0,0.00,152.00,152.00,152,0,0.00,2.00,2.00,2,0,0.00,0.00,0,0
1410575577,lo,0.00,0.00,0.00,0,0,0.00,0.00,0.00,0,0,0.00,0.00,0,0
1410575577,total,2400610.00,2399126.00,4799736.00,2399126,2400610,2557.00,2557.00,5114.00,2557,2557,0.00,0.00,0,0
1410575578,s1-eth1,1250564.00,27522.00,1278086.00,27522,1250564,826.00,417.00,1243.00,417,826,0.00,0.00,0,0
1410575578,s1-eth3,17226.00,829088.00,846314.00,829088,17226,261.00,548.00,809.00,548,261,0.00,0.00,0,0
1410575578,s1-eth2,10230.00,475396.00,485626.00,475396,10230,155.00,314.00,469.00,314,155,0.00,0.00,0,0
1410575578,s2-eth1,829088.00,17226.00,846314.00,17226,829088,548.00,261.00,809.00,261,548,0.00,0.00,0,0
1410575578,s2-eth3,7194.00,337622.00,344816.00,337622,7194,109.00,223.00,332.00,223,109,0.00,0.00,0,0
1410575578,s2-eth2,10032.00,470270.00,480302.00,470270,10032,152.00,311.00,463.00,311,152,0.00,0.00,0,0
1410575578,s3-eth1,337622.00,7194.00,344816.00,7194,337622,223.00,109.00,332.00,109,223,0.00,0.00,0,0
1410575578,s3-eth2,7260.00,337622.00,344882.00,337622,7260,110.00,223.00,333.00,223,110,0.00,0.00,0,0
1410575578,eth0,0.00,92.00,92.00,92,0,0.00,1.00,1.00,1,0,0.00,0.00,0,0
1410575578,lo,0.00,0.00,0.00,0,0,0.00,0.00,0.00,0,0,0.00,0.00,0,0
1410575578,total,2469216.00,2502032.00,4971248.00,2502032,2469216,2384.00,2407.00,4791.00,2407,2384,0.00,0.00,0,0
1410575579,s1-eth1,1251616.00,31278.00,1282894.00,31278,1251616,828.00,461.00,1289.00,461,828,0.00,0.00,0,0
1410575579,s1-eth3,19536.00,884420.00,903956.00,884420,19536,296.00,586.00,882.00,586,296,0.00,0.00,0,0
1410575579,s1-eth2,11808.00,348220.00,360028.00,348220,11808,166.00,230.00,396.00,230,166,0.00,0.00,0,0
1410575579,s2-eth1,884420.00,19536.00,903956.00,19536,884420,586.00,296.00,882.00,296,586,0.00,0.00,0,0
1410575579,s2-eth3,7986.00,363360.00,371346.00,363360,7986,121.00,240.00,361.00,240,121,0.00,0.00,0,0
1410575579,s2-eth2,11484.00,519546.00,531030.00,519546,11484,174.00,345.00,519.00,345,174,0.00,0.00,0,0
1410575579,s3-eth1,363360.00,7986.00,371346.00,7986,363360,240.00,121.00,361.00,121,240,0.00,0.00,0,0
1410575579,s3-eth2,7986.00,363360.00,371346.00,363360,7986,121.00,240.00,361.00,240,121,0.00,0.00,0,0
1410575579,eth0,0.00,92.00,92.00,92,0,0.00,1.00,1.00,1,0,0.00,0.00,0,0
1410575579,lo,516.00,516.00,1032.00,516,516,9.00,9.00,18.00,9,9,0.00,0.00,0,0
1410575579,total,2558712.00,2538314.00,5097026.00,2538314,2558712,2541.00,2529.00,5070.00,2529,2541,0.00,0.00,0,0
1410575580,s1-eth1,1250808.00,27918.00,1278726.00,27918,1250808,828.00,423.00,1251.00,423,828,0.00,0.00,0,0
1410575580,s1-eth3,18348.00,810930.00,829278.00,810930,18348,278.00,537.00,815.00,537,278,0.00,0.00,0,0
1410575580,s1-eth2,9570.00,446630.00,456200.00,446630,9570,145.00,295.00,440.00,295,145,0.00,0.00,0,0
1410575580,s2-eth1,810930.00,18348.00,829278.00,18348,810930,537.00,278.00,815.00,278,537,0.00,0.00,0,0
1410575580,s2-eth3,7920.00,349734.00,357654.00,349734,7920,120.00,231.00,351.00,231,120,0.00,0.00,0,0
1410575580,s2-eth2,10494.00,459682.00,470176.00,459682,10494,159.00,305.00,464.00,305,159,0.00,0.00,0,0
1410575580,s3-eth1,349734.00,7920.00,357654.00,7920,349734,231.00,120.00,351.00,120,231,0.00,0.00,0,0
1410575580,s3-eth2,7920.00,349734.00,357654.00,349734,7920,120.00,231.00,351.00,231,120,0.00,0.00,0,0
1410575580,eth0,0.00,92.00,92.00,92,0,0.00,1.00,1.00,1,0,0.00,0.00,0,0
1410575580,lo,0.00,0.00,0.00,0,0,0.00,0.00,0.00,0,0,0.00,0.00,0,0
1410575580,total,2465724.00,2470988.00,4936712.00,2470988,2465724,2418.00,2421.00,4839.00,2421,2418,0.00,0.00,0,0
1410575581,s1-eth1,1249990.00,27786.00,1277776.00,27786,1249990,827.00,421.00,1248.00,421,827,0.00,0.00,0,0
1410575581,s1-eth3,18414.00,832822.00,851236.00,832822,18414,279.00,551.00,830.00,551,279,0.00,0.00,0,0
1410575581,s1-eth2,9372.00,434518.00,443890.00,434518,9372,142.00,287.00,429.00,287,142,0.00,0.00,0,0
1410575581,s2-eth1,832822.00,18414.00,851236.00,18414,832822,551.00,279.00,830.00,279,551,0.00,0.00,0,0
1410575581,s2-eth3,7986.00,352762.00,360748.00,352762,7986,121.00,233.00,354.00,233,121,0.00,0.00,0,0
1410575581,s2-eth2,10428.00,481574.00,492002.00,481574,10428,158.00,319.00,477.00,319,158,0.00,0.00,0,0
1410575581,s3-eth1,352762.00,7986.00,360748.00,7986,352762,233.00,121.00,354.00,121,233,0.00,0.00,0,0
1410575581,s3-eth2,7986.00,352762.00,360748.00,352762,7986,121.00,233.00,354.00,233,121,0.00,0.00,0,0
1410575581,eth0,0.00,184.00,184.00,184,0,0.00,2.00,2.00,2,0,0.00,0.00,0,0
1410575581,lo,0.00,0.00,0.00,0,0,0.00,0.00,0.00,0,0,0.00,0.00,0,0
1410575581,total,2489760.00,2508808.00,4998568.00,2508808,2489760,2432.00,2446.00,4878.00,2446,2432,0.00,0.00,0,0
1410575582,s1-eth1,1250686.00,32106.00,1282792.00,32106,1250686,827.00,469.00,1296.00,469,827,0.00,0.00,0,0
1410575582,s1-eth3,21678.00,770870.00,792548.00,770870,21678,311.00,511.00,822.00,511,311,0.00,0.00,0,0
1410575582,s1-eth2,10428.00,475396.00,485824.00,475396,10428,158.00,314.00,472.00,314,158,0.00,0.00,0,0
1410575582,s2-eth1,770870.00,21678.00,792548.00,21678,770870,511.00,311.00,822.00,311,511,0.00,0.00,0,0
1410575582,s2-eth3,8382.00,378500.00,386882.00,378500,8382,127.00,250.00,377.00,250,127,0.00,0.00,0,0
1410575582,s2-eth2,13296.00,390856.00,404152.00,390856,13296,184.00,260.00,444.00,260,184,0.00,0.00,0,0
1410575582,s3-eth1,378500.00,8382.00,386882.00,8382,378500,250.00,127.00,377.00,127,250,0.00,0.00,0,0
1410575582,s3-eth2,8382.00,378500.00,386882.00,378500,8382,127.00,250.00,377.00,250,127,0.00,0.00,0,0
1410575582,eth0,0.00,92.00,92.00,92,0,0.00,1.00,1.00,1,0,0.00,0.00,0,0
1410575582,lo,0.00,0.00,0.00,0,0,0.00,0.00,0.00,0,0,0.00,0.00,0,0
1410575582,total,2462222.00,2456380.00,4918602.00,2456380,2462222,2495.00,2493.00,4988.00,2493,2495,0.00,0.00,0,0
1410575583,s1-eth1,1250686.00,32830.00,1283516.00,32830,1250686,827.00,473.00,1300.00,473,827,0.00,0.00,0,0
1410575583,s1-eth3,18414.00,853896.00,872310.00,853896,18414,279.00,564.00,843.00,564,279,0.00,0.00,0,0
1410575583,s1-eth2,14416.00,386070.00,400486.00,386070,14416,194.00,255.00,449.00,255,194,0.00,0.00,0,0
1410575583,s2-eth1,853896.00,18414.00,872310.00,18414,853896,564.00,279.00,843.00,279,564,0.00,0.00,0,0
1410575583,s2-eth3,8052.00,375472.00,383524.00,375472,8052,122.00,248.00,370.00,248,122,0.00,0.00,0,0
1410575583,s2-eth2,10362.00,478424.00,488786.00,478424,10362,157.00,316.00,473.00,316,157,0.00,0.00,0,0
1410575583,s3-eth1,375472.00,8052.00,383524.00,8052,375472,248.00,122.00,370.00,122,248,0.00,0.00,0,0
1410575583,s3-eth2,8052.00,375472.00,383524.00,375472,8052,122.00,248.00,370.00,248,122,0.00,0.00,0,0
1410575583,eth0,0.00,152.00,152.00,152,0,0.00,2.00,2.00,2,0,0.00,0.00,0,0
1410575583,lo,0.00,0.00,0.00,0,0,0.00,0.00,0.00,0,0,0.00,0.00,0,0
1410575583,total,2539350.00,2528782.00,5068132.00,2528782,2539350,2513.00,2507.00,5020.00,2507,2513,0.00,0.00,0,0
1410575584,s1-eth1,1250564.00,33846.00,1284410.00,33846,1250564,826.00,489.00,1315.00,489,826,0.00,0.00,0,0
1410575584,s1-eth3,23988.00,856148.00,880136.00,856148,23988,350.00,566.00,916.00,566,350,0.00,0.00,0,0
1410575584,s1-eth2,9792.00,298258.00,308050.00,298258,9792,138.00,197.00,335.00,197,138,0.00,0.00,0,0
1410575584,s2-eth1,856148.00,23988.00,880136.00,23988,856148,566.00,350.00,916.00,350,566,0.00,0.00,0,0
1410575584,s2-eth3,11154.00,524582.00,535736.00,524582,11154,169.00,347.00,516.00,347,169,0.00,0.00,0,0
1410575584,s2-eth2,12834.00,393112.00,405946.00,393112,12834,181.00,260.00,441.00,260,181,0.00,0.00,0,0
1410575584,s3-eth1,524582.00,11154.00,535736.00,11154,524582,347.00,169.00,516.00,169,347,0.00,0.00,0,0
1410575584,s3-eth2,11154.00,524582.00,535736.00,524582,11154,169.00,347.00,516.00,347,169,0.00,0.00,0,0
1410575584,eth0,0.00,92.00,92.00,92,0,0.00,1.00,1.00,1,0,0.00,0.00,0,0
1410575584,lo,516.00,516.00,1032.00,516,516,9.00,9.00,18.00,9,9,0.00,0.00,0,0
1410575584,total,2700732.00,2666278.00,5367010.00,2666278,2700732,2755.00,2735.00,5490.00,2735,2755,0.00,0.00,0,0
1410575585,s1-eth1,1250134.00,28050.00,1278184.00,28050,1250134,827.00,425.00,1252.00,425,827,0.00,0.00,0,0
1410575585,s1-eth3,20460.00,980722.00,1001182.00,980722,20460,310.00,649.00,959.00,649,310,0.00,0.00,0,0
1410575585,s1-eth2,7590.00,351248.00,358838.00,351248,7590,115.00,232.00,347.00,232,115,0.00,0.00,0,0
1410575585,s2-eth1,980722.00,20460.00,1001182.00,20460,980722,649.00,310.00,959.00,310,649,0.00,0.00,0,0
1410575585,s2-eth3,11550.00,513424.00,524974.00,513424,11550,175.00,340.00,515.00,340,175,0.00,0.00,0,0
1410575585,s2-eth2,8910.00,405752.00,414662.00,405752,8910,135.00,268.00,403.00,268,135,0.00,0.00,0,0
1410575585,s3-eth1,513424.00,11550.00,524974.00,11550,513424,340.00,175.00,515.00,175,340,0.00,0.00,0,0
1410575585,s3-eth2,11550.00,513424.00,524974.00,513424,11550,175.00,340.00,515.00,340,175,0.00,0.00,0,0
1410575585,eth0,0.00,92.00,92.00,92,0,0.00,1.00,1.00,1,0,0.00,0.00,0,0
1410575585,lo,0.00,0.00,0.00,0,0,0.00,0.00,0.00,0,0,0.00,0.00,0,0
1410575585,total,2804340.00,2824722.00,5629062.00,2824722,2804340,2726.00,2740.00,5466.00,2740,2726,0.00,0.00,0,0
1410575586,s1-eth1,1250808.00,31656.00,1282464.00,31656,1250808,828.00,462.00,1290.00,462,828,0.00,0.00,0,0
1410575586,s1-eth3,24204.00,932050.00,956254.00,932050,24204,354.00,617.00,971.00,617,354,0.00,0.00,0,0
1410575586,s1-eth2,7440.00,298258.00,305698.00,298258,7440,108.00,197.00,305.00,197,108,0.00,0.00,0,0
1410575586,s2-eth1,932050.00,24204.00,956254.00,24204,932050,617.00,354.00,971.00,354,617,0.00,0.00,0,0
1410575586,s2-eth3,13548.00,527812.00,541360.00,527812,13548,198.00,350.00,548.00,350,198,0.00,0.00,0,0
1410575586,s2-eth2,10656.00,404238.00,414894.00,404238,10656,156.00,267.00,423.00,267,156,0.00,0.00,0,0
1410575586,s3-eth1,527812.00,13548.00,541360.00,13548,527812,350.00,198.00,548.00,198,350,0.00,0.00,0,0
1410575586,s3-eth2,13470.00,527812.00,541282.00,527812,13470,197.00,350.00,547.00,350,197,0.00,0.00,0,0
1410575586,eth0,0.00,92.00,92.00,92,0,0.00,1.00,1.00,1,0,0.00,0.00,0,0
1410575586,lo,0.00,0.00,0.00,0,0,0.00,0.00,0.00,0,0,0.00,0.00,0,0
1410575586,total,2779988.00,2759670.00,5539658.00,2759670,2779988,2808.00,2796.00,5604.00,2796,2808,0.00,0.00,0,0
1410575587,s1-eth1,1250920.00,34468.00,1285388.00,34468,1250920,828.00,496.00,1324.00,496,828,0.00,0.00,0,0
1410575587,s1-eth3,26070.00,973858.00,999928.00,973858,26070,377.00,645.00,1022.00,645,377,0.00,0.00,0,0
1410575587,s1-eth2,8476.00,327024.00,335500.00,327024,8476,120.00,216.00,336.00,216,120,0.00,0.00,0,0
1410575587,s2-eth1,973858.00,26070.00,999928.00,26070,973858,645.00,377.00,1022.00,377,645,0.00,0.00,0,0
1410575587,s2-eth3,16080.00,608750.00,624830.00,608750,16080,232.00,403.00,635.00,403,232,0.00,0.00,0,0
1410575587,s2-eth2,9990.00,368136.00,378126.00,368136,9990,145.00,244.00,389.00,244,145,0.00,0.00,0,0
1410575587,s3-eth1,608750.00,16080.00,624830.00,16080,608750,403.00,232.00,635.00,232,403,0.00,0.00,0,0
1410575587,s3-eth2,16158.00,608750.00,624908.00,608750,16158,233.00,403.00,636.00,403,233,0.00,0.00,0,0
1410575587,eth0,0.00,92.00,92.00,92,0,0.00,1.00,1.00,1,0,0.00,0.00,0,0
1410575587,lo,0.00,0.00,0.00,0,0,0.00,0.00,0.00,0,0,0.00,0.00,0,0
1410575587,total,2910302.00,2963228.00,5873530.00,2963228,2910302,2983.00,3017.00,6000.00,3017,2983,0.00,0.00,0,0
1410575588,s1-eth1,1250864.00,27522.00,1278386.00,27522,1250864,828.00,417.00,1245.00,417,828,0.00,0.00,0,0
1410575588,s1-eth3,21318.00,969260.00,990578.00,969260,21318,323.00,642.00,965.00,642,323,0.00,0.00,0,0
1410575588,s1-eth2,6204.00,293716.00,299920.00,293716,6204,94.00,194.00,288.00,194,94,0.00,0.00,0,0
1410575588,s2-eth1,969260.00,21318.00,990578.00,21318,969260,642.00,323.00,965.00,323,642,0.00,0.00,0,0
1410575588,s2-eth3,12870.00,589246.00,602116.00,589246,12870,195.00,391.00,586.00,391,195,0.00,0.00,0,0
1410575588,s2-eth2,8382.00,393640.00,402022.00,393640,8382,127.00,260.00,387.00,260,127,0.00,0.00,0,0
1410575588,s3-eth1,589246.00,12870.00,602116.00,12870,589246,391.00,195.00,586.00,195,391,0.00,0.00,0,0
1410575588,s3-eth2,12870.00,590760.00,603630.00,590760,12870,195.00,392.00,587.00,392,195,0.00,0.00,0,0
1410575588,eth0,0.00,60.00,60.00,60,0,0.00,1.00,1.00,1,0,0.00,0.00,0,0
1410575588,lo,0.00,0.00,0.00,0,0,0.00,0.00,0.00,0,0,0.00,0.00,0,0
1410575588,total,2871014.00,2898392.00,5769406.00,2898392,2871014,2795.00,2815.00,5610.00,2815,2795,0.00,0.00,0,0
1410575589,s1-eth1,1250564.00,33618.00,1284182.00,33618,1250564,826.00,489.00,1315.00,489,826,0.00,0.00,0,0
1410575589,s1-eth3,24660.00,959876.00,984536.00,959876,24660,362.00,634.00,996.00,634,362,0.00,0.00,0,0
1410575589,s1-eth2,8892.00,269492.00,278384.00,269492,8892,126.00,178.00,304.00,178,126,0.00,0.00,0,0
1410575589,s2-eth1,959876.00,24660.00,984536.00,24660,959876,634.00,362.00,996.00,362,634,0.00,0.00,0,0
1410575589,s2-eth3,13398.00,619226.00,632624.00,619226,13398,203.00,409.00,612.00,409,203,0.00,0.00,0,0
1410575589,s2-eth2,11328.00,337622.00,348950.00,337622,11328,160.00,223.00,383.00,223,160,0.00,0.00,0,0
1410575589,s3-eth1,619226.00,13398.00,632624.00,13398,619226,409.00,203.00,612.00,203,409,0.00,0.00,0,0
1410575589,s3-eth2,13332.00,617712.00,631044.00,617712,13332,202.00,408.00,610.00,408,202,0.00,0.00,0,0
1410575589,eth0,0.00,184.00,184.00,184,0,0.00,2.00,2.00,2,0,0.00,0.00,0,0
1410575589,lo,516.00,516.00,1032.00,516,516,9.00,9.00,18.00,9,9,0.00,0.00,0,0
1410575589,total,2901792.00,2876304.00,5778096.00,2876304,2901792,2931.00,2917.00,5848.00,2917,2931,0.00,0.00,0,0
1410575590,s1-eth1,1250564.00,27522.00,1278086.00,27522,1250564,826.00,417.00,1243.00,417,826,0.00,0.00,0,0
1410575590,s1-eth3,21318.00,976530.00,997848.00,976530,21318,323.00,645.00,968.00,645,323,0.00,0.00,0,0
1410575590,s1-eth2,6270.00,292202.00,298472.00,292202,6270,95.00,193.00,288.00,193,95,0.00,0.00,0,0
1410575590,s2-eth1,976530.00,21318.00,997848.00,21318,976530,645.00,323.00,968.00,323,645,0.00,0.00,0,0
1410575590,s2-eth3,13926.00,622254.00,636180.00,622254,13926,211.00,411.00,622.00,411,211,0.00,0.00,0,0
1410575590,s2-eth2,7326.00,340650.00,347976.00,340650,7326,111.00,225.00,336.00,225,111,0.00,0.00,0,0
1410575590,s3-eth1,622254.00,13926.00,636180.00,13926,622254,411.00,211.00,622.00,211,411,0.00,0.00,0,0
1410575590,s3-eth2,13992.00,622254.00,636246.00,622254,13992,212.00,411.00,623.00,411,212,0.00,0.00,0,0
1410575590,eth0,0.00,92.00,92.00,92,0,0.00,1.00,1.00,1,0,0.00,0.00,0,0
1410575590,lo,0.00,0.00,0.00,0,0,0.00,0.00,0.00,0,0,0.00,0.00,0,0
1410575590,total,2912180.00,2916748.00,5828928.00,2916748,2912180,2834.00,2837.00,5671.00,2837,2834,0.00,0.00,0,0
1410575591,s1-eth1,1249574.00,27852.00,1277426.00,27852,1249574,827.00,422.00,1249.00,422,827,0.00,0.00,0,0
1410575591,s1-eth3,20922.00,946774.00,967696.00,946774,20922,317.00,627.00,944.00,627,317,0.00,0.00,0,0
1410575591,s1-eth2,6798.00,308856.00,315654.00,308856,6798,103.00,204.00,307.00,204,103,0.00,0.00,0,0
1410575591,s2-eth1,946774.00,20922.00,967696.00,20922,946774,627.00,317.00,944.00,317,627,0.00,0.00,0,0
1410575591,s2-eth3,13068.00,594012.00,607080.00,594012,13068,198.00,394.00,592.00,394,198,0.00,0.00,0,0
1410575591,s2-eth2,7920.00,352762.00,360682.00,352762,7920,120.00,233.00,353.00,233,120,0.00,0.00,0,0
1410575591,s3-eth1,594012.00,13068.00,607080.00,13068,594012,394.00,198.00,592.00,198,394,0.00,0.00,0,0
1410575591,s3-eth2,13068.00,594012.00,607080.00,594012,13068,198.00,394.00,592.00,394,198,0.00,0.00,0,0
1410575591,eth0,0.00,60.00,60.00,60,0,0.00,1.00,1.00,1,0,0.00,0.00,0,0
1410575591,lo,0.00,0.00,0.00,0,0,0.00,0.00,0.00,0,0,0.00,0.00,0,0
1410575591,total,2852136.00,2858318.00,5710454.00,2858318,2852136,2784.00,2790.00,5574.00,2790,2784,0.00,0.00,0,0
1410575592,eth0,1566.00,480.00,2046.00,480,1566,13.00,8.00,21.00,8,13,0.00,0.00,0,0
1410575592,lo,1036.00,1036.00,2072.00,1036,1036,15.00,15.00,30.00,15,15,0.00,0.00,0,0
1410575592,total,18446744073709551616.00,18446744073709551616.00,18446744073709551616.00,18446744073630533375,18446744073630965805,18446744073709473792.00,18446744073709473792.00,18446744073709393920.00,18446744073709472852,18446744073709473113,0.00,0.00,0,0
1410575593,eth0,0.00,0.00,0.00,0,0,0.00,0.00,0.00,0,0,0