1410575645,s1-eth1,0.00,0.00,0.00,0,0,0.00,0.00,0.00,0,0,0.00,0.00,0,0
1410575645,s1-eth3,0.00,0.00,0.00,0,0,0.00,0.00,0.00,0,0,0.00,0.00,0,0
1410575645,s1-eth2,0.00,0.00,0.00,0,0,0.00,0.00,0.00,0,0,0.00,0.00,0,0
1410575645,s2-eth1,0.00,0.00,0.00,0,0,0.00,0.00,0.00,0,0,0.00,0.00,0,0
1410575645,s2-eth3,0.00,0.00,0.00,0,0,0.00,0.00,0.00,0,0,0.00,0.00,0,0
1410575645,s2-eth2,0.00,0.00,0.00,0,0,0.00,0.00,0.00,0,0,0.00,0.00,0,0
1410575645,s3-eth1,0.00,0.00,0.00,0,0,0.00,0.00,0.00,0,0,0.00,0.00,0,0
1410575645,s3-eth3,0.00,0.00,0.00,0,0,0.00,0.00,0.00,0,0,0.00,0.00,0,0
1410575645,s3-eth2,0.00,0.00,0.00,0,0,0.00,0.00,0.00,0,0,0.00,0.00,0,0
1410575645,eth0,0.00,0.00,0.00,0,0,0.00,0.00,0.00,0,0,0.00,0.00,0,0
1410575645,lo,0.00,0.00,0.00,0,0,0.00,0.00,0.00,0,0,0.00,0.00,0,0
1410575645,s4-eth1,0.00,0.00,0.00,0,0,0.00,0.00,0.00,0,0,0.00,0.00,0,0
1410575645,s4-eth3,0.00,0.00,0.00,0,0,0.00,0.00,0.00,0,0,0.00,0.00,0,0
1410575645,s4-eth2,0.00,0.00,0.00,0,0,0.00,0.00,0.00,0,0,0.00,0.00,0,0
1410575645,s5-eth1,0.00,0.00,0.00,0,0,0.00,0.00,0.00,0,0,0.00,0.00,0,0
1410575645,s5-eth2,0.00,0.00,0.00,0,0,0.00,0.00,0.00,0,0,0.00,0.00,0,0
1410575645,total,0.00,0.00,0.00,0,0,0.00,0.00,0.00,0,0,0.00,0.00,0,0
1410575646,s1-eth1,1250741.25,28813.19,1279554.50,28842,1251992,831.17,436.56,1267.73,437,832,0.00,0.00,0,0
1410575646,s1-eth3,23278.72,1029796.25,1053075.00,1030826,23302,352.65,684.32,1036.96,685,353,0.00,0.00,0,0
1410575646,s1-eth2,5538.46,255802.20,261340.67,256058,5544,83.92,170.83,254.75,171,84,0.00,0.00,0,0
1410575646,s2-eth1,1029796.25,23278.72,1053075.00,23302,1030826,684.32,352.65,1036.96,353,685,0.00,0.00,0,0
1410575646,s2-eth3,17410.59,765806.19,783216.81,766572,17428,263.74,509.49,773.23,510,264,0.00,0.00,0,0
1410575646,s2-eth2,5938.06,263990.03,269928.09,264254,5944,89.91,174.83,264.74,175,90,0.00,0.00,0,0
1410575646,s3-eth1,765806.19,17410.59,783216.81,17428,766572,509.49,263.74,773.23,264,510,0.00,0.00,0,0
1410575646,s3-eth3,11344.66,503206.81,514551.47,503710,11356,171.83,334.67,506.49,335,172,0.00,0.00,0,0
1410575646,s3-eth2,6201.80,262599.41,268801.22,262862,6208,93.91,174.83,268.73,175,94,0.00,0.00,0,0
1410575646,eth0,0.00,91.91,91.91,92,0,0.00,1.00,1.00,1,0,0.00,0.00,0,0
1410575646,lo,1338.66,1338.66,2677.32,1340,1340,14.99,14.99,29.97,15,15,0.00,0.00,0,0
1410575646,s4-eth1,503206.81,11344.66,514551.47,11356,503710,334.67,171.83,506.49,172,335,0.00,0.00,0,0
1410575646,s4-eth3,5146.85,228507.50,233654.36,228736,5152,77.92,151.85,229.77,152,78,0.00,0.00,0,0
1410575646,s4-eth2,6267.73,274699.31,280967.03,274974,6274,94.91,182.82,277.72,183,95,0.00,0.00,0,0
1410575646,s5-eth1,228507.50,5146.85,233654.36,5152,228736,151.85,77.92,229.77,78,152,0.00,0.00,0,0
1410575646,s5-eth2,5146.85,228507.50,233654.36,228736,5152,77.92,151.85,229.77,152,78,0.00,0.00,0,0
1410575646,total,3865670.50,3900339.75,7766010.00,3904240,3869536,3833.17,3854.15,7687.31,3858,3837,0.00,0.00,0,0
1410575647,s1-eth1,1249678.00,28648.00,1278326.00,28648,1249678,831.00,434.00,1265.00,434,831,0.00,0.00,0,0
1410575647,s1-eth3,22840.00,1002148.00,1024988.00,1002148,22840,346.00,668.00,1014.00,668,346,0.00,0.00,0,0
1410575647,s1-eth2,6088.00,249810.00,255898.00,249810,6088,92.00,165.00,257.00,165,92,0.00,0.00,0,0
1410575647,s2-eth1,1002148.00,22840.00,1024988.00,22840,1002148,668.00,346.00,1014.00,346,668,0.00,0.00,0,0
1410575647,s2-eth3,17300.00,754478.00,771778.00,754478,17300,262.00,503.00,765.00,503,262,0.00,0.00,0,0
1410575647,s2-eth2,5820.00,247670.00,253490.00,247670,5820,88.00,165.00,253.00,165,88,0.00,0.00,0,0
1410575647,s3-eth1,754478.00,17300.00,771778.00,17300,754478,503.00,262.00,765.00,262,503,0.00,0.00,0,0
1410575647,s3-eth3,11562.00,501448.00,513010.00,501448,11562,175.00,334.00,509.00,334,175,0.00,0.00,0,0
1410575647,s3-eth2,5952.00,253030.00,258982.00,253030,5952,90.00,169.00,259.00,169,90,0.00,0.00,0,0
1410575647,eth0,0.00,244.00,244.00,244,0,0.00,3.00,3.00,3,0,0.00,0.00,0,0
1410575647,lo,5360.00,5360.00,10720.00,5360,5360,60.00,60.00,120.00,60,60,0.00,0.00,0,0
1410575647,s4-eth1,501448.00,11562.00,513010.00,11562,501448,334.00,175.00,509.00,175,334,0.00,0.00,0,0
1410575647,s4-eth3,5754.00,244764.00,250518.00,244764,5754,87.00,164.00,251.00,164,87,0.00,0.00,0,0
1410575647,s4-eth2,6088.00,256684.00,262772.00,256684,6088,92.00,170.00,262.00,170,92,0.00,0.00,0,0
1410575647,s5-eth1,244764.00,5754.00,250518.00,5754,244764,164.00,87.00,251.00,87,164,0.00,0.00,0,0
1410575647,s5-eth2,5754.00,244764.00,250518.00,244764,5754,87.00,164.00,251.00,164,87,0.00,0.00,0,0
1410575647,total,3845034.00,3846504.00,7691538.00,3846504,3845034,3879.00,3869.00,7748.00,3869,3879,0.00,0.00,0,0
1410575648,s1-eth1,1251596.00,28314.00,1279910.00,28314,1251596,836.00,429.00,1265.00,429,836,0.00,0.00,0,0
1410575648,s1-eth3,22704.00,1047640.00,1070344.00,1047640,22704,344.00,698.00,1042.00,698,344,0.00,0.00,0,0
1410575648,s1-eth2,5836.00,246208.00,252044.00,246208,5836,88.00,164.00,252.00,164,88,0.00,0.00,0,0
1410575648,s2-eth1,1047640.00,22704.00,1070344.00,22704,1047640,698.00,344.00,1042.00,344,698,0.00,0.00,0,0
1410575648,s2-eth3,17556.00,809002.00,826558.00,809002,17556,266.00,539.00,805.00,539,266,0.00,0.00,0,0
1410575648,s2-eth2,5242.00,243180.00,248422.00,243180,5242,79.00,162.00,241.00,162,79,0.00,0.00,0,0
1410575648,s3-eth1,809002.00,17556.00,826558.00,17556,809002,539.00,266.00,805.00,266,539,0.00,0.00,0,0
1410575648,s3-eth3,11286.00,519706.00,530992.00,519706,11286,171.00,347.00,518.00,347,171,0.00,0.00,0,0
1410575648,s3-eth2,6496.00,289296.00,295792.00,289296,6496,98.00,192.00,290.00,192,98,0.00,0.00,0,0
1410575648,eth0,0.00,92.00,92.00,92,0,0.00,1.00,1.00,1,0,0.00,0.00,0,0
1410575648,lo,2780.00,2780.00,5560.00,2780,2780,30.00,30.00,60.00,30,30,0.00,0.00,0,0
1410575648,s4-eth1,519706.00,11286.00,530992.00,11286,519706,347.00,171.00,518.00,171,347,0.00,0.00,0,0
1410575648,s4-eth3,6142.00,281816.00,287958.00,281816,6142,93.00,188.00,281.00,188,93,0.00,0.00,0,0
1410575648,s4-eth2,5304.00,237890.00,243194.00,237890,5304,80.00,159.00,239.00,159,80,0.00,0.00,0,0
1410575648,s5-eth1,281816.00,6142.00,287958.00,6142,281816,188.00,93.00,281.00,93,188,0.00,0.00,0,0
1410575648,s5-eth2,6142.00,281816.00,287958.00,281816,6142,93.00,188.00,281.00,188,93,0.00,0.00,0,0
1410575648,total,3999248.00,4045428.00,8044676.00,4045428,3999248,3950.00,3971.00,7921.00,3971,3950,0.00,0.00,0,0
1410575649,s1-eth1,1250234.00,28578.00,1278812.00,28578,1250234,829.00,433.00,1262.00,433,829,0.00,0.00,0,0
1410575649,s1-eth3,23136.00,1046012.00,1069148.00,1046012,23136,352.00,698.00,1050.00,698,352,0.00,0.00,0,0
1410575649,s1-eth2,5712.00,268268.00,273980.00,268268,5712,88.00,182.00,270.00,182,88,0.00,0.00,0,0
1410575649,s2-eth1,1046012.00,23136.00,1069148.00,23136,1046012,698.00,352.00,1050.00,352,698,0.00,0.00,0,0
1410575649,s2-eth3,17412.00,791622.00,809034.00,791622,17412,266.00,531.00,797.00,531,266,0.00,0.00,0,0
1410575649,s2-eth2,6042.00,251614.00,257656.00,251614,6042,93.00,171.00,264.00,171,93,0.00,0.00,0,0
1410575649,s3-eth1,791622.00,17412.00,809034.00,17412,791622,531.00,266.00,797.00,266,531,0.00,0.00,0,0
1410575649,s3-eth3,12264.00,550896.00,563160.00,550896,12264,188.00,372.00,560.00,372,188,0.00,0.00,0,0
1410575649,s3-eth2,5316.00,253006.00,258322.00,253006,5316,82.00,171.00,253.00,171,82,0.00,0.00,0,0
1410575649,eth0,0.00,92.00,92.00,92,0,0.00,1.00,1.00,1,0,0.00,0.00,0,0
1410575649,lo,16096.00,16096.00,32192.00,16096,16096,148.00,148.00,296.00,148,148,0.00,0.00,0,0
1410575649,s4-eth1,550896.00,12264.00,563160.00,12264,550896,372.00,188.00,560.00,188,372,0.00,0.00,0,0
1410575649,s4-eth3,6240.00,278866.00,285106.00,278866,6240,96.00,189.00,285.00,189,96,0.00,0.00,0,0
1410575649,s4-eth2,6108.00,272114.00,278222.00,272114,6108,94.00,185.00,279.00,185,94,0.00,0.00,0,0
1410575649,s5-eth1,278866.00,6240.00,285106.00,6240,278866,189.00,96.00,285.00,96,189,0.00,0.00,0,0
1410575649,s5-eth2,6240.00,278866.00,285106.00,278866,6240,96.00,189.00,285.00,189,96,0.00,0.00,0,0
1410575649,total,4022196.00,4095082.00,8117278.00,4095082,4022196,4122.00,4172.00,8294.00,4172,4122,0.00,0.00,0,0
1410575650,s1-eth1,1251198.00,42848.00,1294046.00,42848,1251198,831.00,586.00,1417.00,586,831,0.00,0.00,0,0
1410575650,s1-eth3,31574.00,1003386.00,1034960.00,1003386,31574,445.00,665.00,1110.00,665,445,0.00,0.00,0,0
1410575650,s1-eth2,11496.00,249274.00,260770.00,249274,11496,144.00,167.00,311.00,167,144,0.00,0.00,0,0
1410575650,s2-eth1,1003386.00,31574.00,1034960.00,31574,1003386,665.00,445.00,1110.00,445,665,0.00,0.00,0,0
1410575650,s2-eth3,24618.00,809594.00,834212.00,809594,24618,351.00,537.00,888.00,537,351,0.00,0.00,0,0
1410575650,s2-eth2,7206.00,192278.00,199484.00,192278,7206,97.00,127.00,224.00,127,97,0.00,0.00,0,0
1410575650,s3-eth1,809594.00,24618.00,834212.00,24618,809594,537.00,351.00,888.00,351,537,0.00,0.00,0,0
1410575650,s3-eth3,14236.00,492990.00,507226.00,492990,14236,206.00,327.00,533.00,327,206,0.00,0.00,0,0
1410575650,s3-eth2,10538.00,304492.00,315030.00,304492,10538,147.00,202.00,349.00,202,147,0.00,0.00,0,0
1410575650,eth0,0.00,92.00,92.00,92,0,0.00,1.00,1.00,1,0,0.00,0.00,0,0
1410575650,lo,4220.00,4220.00,8440.00,4220,4220,45.00,45.00,90.00,45,45,0.00,0.00,0,0
1410575650,s4-eth1,492990.00,14236.00,507226.00,14236,492990,327.00,206.00,533.00,206,327,0.00,0.00,0,0
1410575650,s4-eth3,6784.00,289296.00,296080.00,289296,6784,102.00,192.00,294.00,192,102,0.00,0.00,0,0
1410575650,s4-eth2,7702.00,203694.00,211396.00,203694,7702,107.00,135.00,242.00,135,107,0.00,0.00,0,0
1410575650,s5-eth1,289296.00,6784.00,296080.00,6784,289296,192.00,102.00,294.00,102,192,0.00,0.00,0,0
1410575650,s5-eth2,6784.00,289296.00,296080.00,289296,6784,102.00,192.00,294.00,192,102,0.00,0.00,0,0
1410575650,total,3971622.00,3958672.00,7930294.00,3958672,3971622,4298.00,4280.00,8578.00,4280,4298,0.00,0.00,0,0
1410575651,s1-eth1,1250878.00,34492.00,1285370.00,34492,1250878,829.00,494.00,1323.00,494,829,0.00,0.00,0,0
1410575651,s1-eth3,27326.00,1143614.00,1170940.00,1143614,27326,401.00,761.00,1162.00,761,401,0.00,0.00,0,0
1410575651,s1-eth2,7564.00,178652.00,186216.00,178652,7564,98.00,118.00,216.00,118,98,0.00,0.00,0,0
1410575651,s2-eth1,1143614.00,27326.00,1170940.00,27326,1143614,761.00,401.00,1162.00,401,761,0.00,0.00,0,0
1410575651,s2-eth3,21084.00,842168.00,863252.00,842168,21084,306.00,560.00,866.00,560,306,0.00,0.00,0,0
1410575651,s2-eth2,6612.00,304474.00,311086.00,304474,6612,100.00,203.00,303.00,203,100,0.00,0.00,0,0
1410575651,s3-eth1,842168.00,21084.00,863252.00,21084,842168,560.00,306.00,866.00,306,560,0.00,0.00,0,0
1410575651,s3-eth3,14466.00,517284.00,531750.00,517284,14466,209.00,344.00,553.00,344,209,0.00,0.00,0,0
1410575651,s3-eth2,7082.00,324884.00,331966.00,324884,7082,103.00,216.00,319.00,216,103,0.00,0.00,0,0
1410575651,eth0,0.00,184.00,184.00,184,0,0.00,2.00,2.00,2,0,0.00,0.00,0,0
1410575651,lo,6540.00,6540.00,13080.00,6540,6540,70.00,70.00,140.00,70,70,0.00,0.00,0,0
1410575651,s4-eth1,517284.00,14466.00,531750.00,14466,517284,344.00,209.00,553.00,209,344,0.00,0.00,0,0
1410575651,s4-eth3,7998.00,215058.00,223056.00,215058,7998,111.00,143.00,254.00,143,111,0.00,0.00,0,0
1410575651,s4-eth2,6772.00,302226.00,308998.00,302226,6772,102.00,201.00,303.00,201,102,0.00,0.00,0,0
1410575651,s5-eth1,215058.00,7998.00,223056.00,7998,215058,143.00,111.00,254.00,111,143,0.00,0.00,0,0
1410575651,s5-eth2,7998.00,215058.00,223056.00,215058,7998,111.00,143.00,254.00,143,111,0.00,0.00,0,0
1410575651,total,4082444.00,4155508.00,8237952.00,4155508,4082444,4248.00,4282.00,8530.00,4282,4248,0.00,0.00,0,0
1410575652,s1-eth1,1249720.00,34686.00,1284406.00,34686,1249720,832.00,493.00,1325.00,493,832,0.00,0.00,0,0
1410575652,s1-eth3,30714.00,1120730.00,1151444.00,1120730,30714,437.00,743.00,1180.00,743,437,0.00,0.00,0,0
1410575652,s1-eth2,4108.00,124148.00,128256.00,124148,4108,58.00,82.00,140.00,82,58,0.00,0.00,0,0
1410575652,s2-eth1,1120730.00,30714.00,1151444.00,30714,1120730,743.00,437.00,1180.00,437,743,0.00,0.00,0,0
1410575652,s2-eth3,24576.00,847214.00,871790.00,847214,24576,344.00,561.00,905.00,561,344,0.00,0.00,0,0
1410575652,s2-eth2,6142.00,272002.00,278144.00,272002,6142,93.00,181.00,274.00,181,93,0.00,0.00,0,0
1410575652,s3-eth1,847214.00,24576.00,871790.00,24576,847214,561.00,344.00,905.00,344,561,0.00,0.00,0,0
1410575652,s3-eth3,16194.00,462658.00,478852.00,462658,16194,217.00,307.00,524.00,307,217,0.00,0.00,0,0
1410575652,s3-eth2,8452.00,387584.00,396036.00,387584,8452,128.00,256.00,384.00,256,128,0.00,0.00,0,0
1410575652,eth0,0.00,152.00,152.00,152,0,0.00,2.00,2.00,2,0,0.00,0.00,0,0
1410575652,lo,1340.00,1340.00,2680.00,1340,1340,15.00,15.00,30.00,15,15,0.00,0.00,0,0
1410575652,s4-eth1,462658.00,16194.00,478852.00,16194,462658,307.00,217.00,524.00,217,307,0.00,0.00,0,0
1410575652,s4-eth3,7816.00,246782.00,254598.00,246782,7816,110.00,163.00,273.00,163,110,0.00,0.00,0,0
1410575652,s4-eth2,8514.00,215876.00,224390.00,215876,8514,109.00,144.00,253.00,144,109,0.00,0.00,0,0
1410575652,s5-eth1,246782.00,7816.00,254598.00,7816,246782,163.00,110.00,273.00,110,163,0.00,0.00,0,0
1410575652,s5-eth2,7816.00,246782.00,254598.00,246782,7816,110.00,163.00,273.00,163,110,0.00,0.00,0,0
1410575652,total,4042776.00,4039254.00,8082030.00,4039254,4042776,4227.00,4218.00,8445.00,4218,4227,0.00,0.00,0,0
1410575653,s1-eth1,1250920.00,27918.00,1278838.00,27918,1250920,828.00,423.00,1251.00,423,828,0.00,0.00,0,0
1410575653,s1-eth3,24948.00,1129160.00,1154108.00,1129160,24948,378.00,748.00,1126.00,748,378,0.00,0.00,0,0
1410575653,s1-eth2,2904.00,136260.00,139164.00,136260,2904,44.00,90.00,134.00,90,44,0.00,0.00,0,0
1410575653,s2-eth1,1129160.00,24948.00,1154108.00,24948,1129160,748.00,378.00,1126.00,378,748,0.00,0.00,0,0
1410575653,s2-eth3,18546.00,836836.00,855382.00,836836,18546,281.00,554.00,835.00,554,281,0.00,0.00,0,0
1410575653,s2-eth2,6468.00,292324.00,298792.00,292324,6468,98.00,194.00,292.00,194,98,0.00,0.00,0,0
1410575653,s3-eth1,836836.00,18546.00,855382.00,18546,836836,554.00,281.00,835.00,281,554,0.00,0.00,0,0
1410575653,s3-eth3,10164.00,459616.00,469780.00,459616,10164,154.00,304.00,458.00,304,154,0.00,0.00,0,0
1410575653,s3-eth2,8382.00,374192.00,382574.00,374192,8382,127.00,248.00,375.00,248,127,0.00,0.00,0,0
1410575653,eth0,0.00,92.00,92.00,92,0,0.00,1.00,1.00,1,0,0.00,0.00,0,0
1410575653,lo,0.00,0.00,0.00,0,0,0.00,0.00,0.00,0,0,0.00,0.00,0,0
1410575653,s4-eth1,459616.00,10164.00,469780.00,10164,459616,304.00,154.00,458.00,154,304,0.00,0.00,0,0
1410575653,s4-eth3,5148.00,230128.00,235276.00,230128,5148,78.00,152.00,230.00,152,78,0.00,0.00,0,0
1410575653,s4-eth2,5016.00,229488.00,234504.00,229488,5016,76.00,152.00,228.00,152,76,0.00,0.00,0,0
1410575653,s5-eth1,230128.00,5148.00,235276.00,5148,230128,152.00,78.00,230.00,78,152,0.00,0.00,0,0
1410575653,s5-eth2,5148.00,230128.00,235276.00,230128,5148,78.00,152.00,230.00,152,78,0.00,0.00,0,0
1410575653,total,3993384.00,4004948.00,7998332.00,4004948,3993384,3900.00,3909.00,7809.00,3909,3900,0.00,0.00,0,0
1410575654,s1-eth1,1251438.00,32250.00,1283688.00,32250,1251438,827.00,467.00,1294.00,467,827,0.00,0.00,0,0
1410575654,s1-eth3,28290.00,1065856.00,1094146.00,1065856,28290,407.00,704.00,1111.00,704,407,0.00,0.00,0,0
1410575654,s1-eth2,3960.00,172596.00,176556.00,172596,3960,60.00,114.00,174.00,114,60,0.00,0.00,0,0
1410575654,s2-eth1,1065856.00,28290.00,1094146.00,28290,1065856,704.00,407.00,1111.00,407,704,0.00,0.00,0,0
1410575654,s2-eth3,21426.00,752458.00,773884.00,752458,21426,303.00,497.00,800.00,497,303,0.00,0.00,0,0
1410575654,s2-eth2,6864.00,311884.00,318748.00,311884,6864,104.00,206.00,310.00,206,104,0.00,0.00,0,0
1410575654,s3-eth1,752458.00,21426.00,773884.00,21426,752458,497.00,303.00,800.00,303,497,0.00,0.00,0,0
1410575654,s3-eth3,10824.00,476910.00,487734.00,476910,10824,164.00,315.00,479.00,315,164,0.00,0.00,0,0
1410575654,s3-eth2,10536.00,275548.00,286084.00,275548,10536,138.00,182.00,320.00,182,138,0.00,0.00,0,0
1410575654,eth0,0.00,92.00,92.00,92,0,0.00,1.00,1.00,1,0,0.00,0.00,0,0
1410575654,lo,0.00,0.00,0.00,0,0,0.00,0.00,0.00,0,0,0.00,0.00,0,0
1410575654,s4-eth1,476910.00,10824.00,487734.00,10824,476910,315.00,164.00,479.00,164,315,0.00,0.00,0,0
1410575654,s4-eth3,5346.00,236184.00,241530.00,236184,5346,81.00,156.00,237.00,156,81,0.00,0.00,0,0
1410575654,s4-eth2,5478.00,243754.00,249232.00,243754,5478,83.00,161.00,244.00,161,83,0.00,0.00,0,0
1410575654,s5-eth1,236184.00,5346.00,241530.00,5346,236184,156.00,81.00,237.00,81,156,0.00,0.00,0,0
1410575654,s5-eth2,5346.00,236184.00,241530.00,236184,5346,81.00,156.00,237.00,156,81,0.00,0.00,0,0
1410575654,total,3880916.00,3869602.00,7750518.00,3869602,3880916,3920.00,3914.00,7834.00,3914,3920,0.00,0.00,0,0
1410575655,s1-eth1,1250564.00,32490.00,1283054.00,32490,1250564,826.00,473.00,1299.00,473,826,0.00,0.00,0,0
1410575655,s1-eth3,29124.00,1029520.00,1058644.00,1029520,29124,422.00,680.00,1102.00,680,422,0.00,0.00,0,0
1410575655,s1-eth2,3432.00,145344.00,148776.00,145344,3432,52.00,96.00,148.00,96,52,0.00,0.00,0,0
1410575655,s2-eth1,1029520.00,29124.00,1058644.00,29124,1029520,680.00,422.00,1102.00,422,680,0.00,0.00,0,0
1410575655,s2-eth3,21396.00,793336.00,814732.00,793336,21396,314.00,524.00,838.00,524,314,0.00,0.00,0,0
1410575655,s2-eth2,7662.00,236184.00,243846.00,236184,7662,107.00,156.00,263.00,156,107,0.00,0.00,0,0
1410575655,s3-eth1,793336.00,21396.00,814732.00,21396,793336,524.00,314.00,838.00,314,524,0.00,0.00,0,0
1410575655,s3-eth3,11616.00,531414.00,543030.00,531414,11616,176.00,351.00,527.00,351,176,0.00,0.00,0,0
1410575655,s3-eth2,9846.00,264950.00,274796.00,264950,9846,139.00,175.00,314.00,175,139,0.00,0.00,0,0
1410575655,eth0,0.00,92.00,92.00,92,0,0.00,1.00,1.00,1,0,0.00,0.00,0,0
1410575655,lo,0.00,0.00,0.00,0,0,0.00,0.00,0.00,0,0,0.00,0.00,0,0
1410575655,s4-eth1,531414.00,11616.00,543030.00,11616,531414,351.00,176.00,527.00,176,351,0.00,0.00,0,0
1410575655,s4-eth3,5214.00,234670.00,239884.00,234670,5214,79.00,155.00,234.00,155,79,0.00,0.00,0,0
1410575655,s4-eth2,6336.00,293716.00,300052.00,293716,6336,96.00,194.00,290.00,194,96,0.00,0.00,0,0
1410575655,s5-eth1,234670.00,5214.00,239884.00,5214,234670,155.00,79.00,234.00,79,155,0.00,0.00,0,0
1410575655,s5-eth2,5214.00,234670.00,239884.00,234670,5214,79.00,155.00,234.00,155,79,0.00,0.00,0,0
1410575655,total,3939344.00,3863736.00,7803080.00,3863736,3939344,4000.00,3951.00,7951.00,3951,4000,0.00,0.00,0,0
1410575656,s1-eth1,1250564.00,28272.00,1278836.00,28272,1250564,826.00,428.00,1254.00,428,826,0.00,0.00,0,0
1410575656,s1-eth3,24180.00,1150640.00,1174820.00,1150640,24180,366.00,760.00,1126.00,760,366,0.00,0.00,0,0
1410575656,s1-eth2,4092.00,184708.00,188800.00,184708,4092,62.00,122.00,184.00,122,62,0.00,0.00,0,0
1410575656,s2-eth1,1150640.00,24180.00,1174820.00,24180,1150640,760.00,366.00,1126.00,366,760,0.00,0.00,0,0
1410575656,s2-eth3,18570.00,882662.00,901232.00,882662,18570,281.00,583.00,864.00,583,281,0.00,0.00,0,0
1410575656,s2-eth2,5610.00,271006.00,276616.00,271006,5610,85.00,179.00,264.00,179,85,0.00,0.00,0,0
1410575656,s3-eth1,882662.00,18570.00,901232.00,18570,882662,583.00,281.00,864.00,281,583,0.00,0.00,0,0
1410575656,s3-eth3,12144.00,558666.00,570810.00,558666,12144,184.00,369.00,553.00,369,184,0.00,0.00,0,0
1410575656,s3-eth2,6426.00,320968.00,327394.00,320968,6426,97.00,212.00,309.00,212,97,0.00,0.00,0,0
1410575656,eth0,0.00,92.00,92.00,92,0,0.00,1.00,1.00,1,0,0.00,0.00,0,0
1410575656,lo,860.00,860.00,1720.00,860,860,15.00,15.00,30.00,15,15,0.00,0.00,0,0
1410575656,s4-eth1,558666.00,12144.00,570810.00,12144,558666,369.00,184.00,553.00,184,369,0.00,0.00,0,0
1410575656,s4-eth3,6666.00,304314.00,310980.00,304314,6666,101.00,201.00,302.00,201,101,0.00,0.00,0,0
1410575656,s4-eth2,5544.00,254352.00,259896.00,254352,5544,84.00,168.00,252.00,168,84,0.00,0.00,0,0
1410575656,s5-eth1,304314.00,6666.00,310980.00,6666,304314,201.00,101.00,302.00,101,201,0.00,0.00,0,0
1410575656,s5-eth2,6666.00,304314.00,310980.00,304314,6666,101.00,201.00,302.00,201,101,0.00,0.00,0,0
1410575656,total,4237604.00,4322414.00,8560018.00,4322414,4237604,4115.00,4171.00,8286.00,4171,4115,0.00,0.00,0,0
1410575657,s1-eth1,1250036.00,37692.00,1287728.00,37692,1250036,826.00,532.00,1358.00,532,826,0.00,0.00,0,0
1410575657,s1-eth3,31952.00,1019908.00,1051860.00,1019908,31952,454.00,674.00,1128.00,674,454,0.00,0.00,0,0
1410575657,s1-eth2,5674.00,158970.00,164644.00,158970,5674,77.00,105.00,182.00,105,77,0.00,0.00,0,0
1410575657,s2-eth1,1019908.00,31952.00,1051860.00,31952,1019908,674.00,454.00,1128.00,454,674,0.00,0.00,0,0
1410575657,s2-eth3,23528.00,780696.00,804224.00,780696,23528,334.00,516.00,850.00,516,334,0.00,0.00,0,0
1410575657,s2-eth2,8490.00,261922.00,270412.00,261922,8490,121.00,173.00,294.00,173,121,0.00,0.00,0,0
1410575657,s3-eth1,780696.00,23528.00,804224.00,23528,780696,516.00,334.00,850.00,334,516,0.00,0.00,0,0
1410575657,s3-eth3,17060.00,486980.00,504040.00,486980,17060,236.00,322.00,558.00,322,236,0.00,0.00,0,0
1410575657,s3-eth2,6468.00,293716.00,300184.00,293716,6468,98.00,194.00,292.00,194,98,0.00,0.00,0,0
1410575657,eth0,0.00,152.00,152.00,152,0,0.00,2.00,2.00,2,0,0.00,0.00,0,0
1410575657,lo,0.00,0.00,0.00,0,0,0.00,0.00,0.00,0,0,0.00,0.00,0,0
1410575657,s4-eth1,486980.00,17060.00,504040.00,17060,486980,322.00,236.00,558.00,236,322,0.00,0.00,0,0
1410575657,s4-eth3,9182.00,245268.00,254450.00,245268,9182,125.00,162.00,287.00,162,125,0.00,0.00,0,0
1410575657,s4-eth2,7812.00,243226.00,251038.00,243226,7812,110.00,161.00,271.00,161,110,0.00,0.00,0,0
1410575657,s5-eth1,245268.00,9182.00,254450.00,9182,245268,162.00,125.00,287.00,125,162,0.00,0.00,0,0
1410575657,s5-eth2,9116.00,246782.00,255898.00,246782,9116,124.00,163.00,287.00,163,124,0.00,0.00,0,0
1410575657,total,3902170.00,3857034.00,7759204.00,3857034,3902170,4179.00,4153.00,8332.00,4153,4179,0.00,0.00,0,0
1410575658,s1-eth1,1250564.00,28644.00,1279208.00,28644,1250564,826.00,434.00,1260.00,434,826,0.00,0.00,0,0
1410575658,s1-eth3,24618.00,1138528.00,1163146.00,1138528,24618,373.00,752.00,1125.00,752,373,0.00,0.00,0,0
1410575658,s1-eth2,4092.00,186222.00,190314.00,186222,4092,62.00,123.00,185.00,123,62,0.00,0.00,0,0
1410575658,s2-eth1,1138528.00,24618.00,1163146.00,24618,1138528,752.00,373.00,1125.00,373,752,0.00,0.00,0,0
1410575658,s2-eth3,19206.00,881148.00,900354.00,881148,19206,291.00,582.00,873.00,582,291,0.00,0.00,0,0
1410575658,s2-eth2,5346.00,231642.00,236988.00,231642,5346,81.00,153.00,234.00,153,81,0.00,0.00,0,0
1410575658,s3-eth1,881148.00,19206.00,900354.00,19206,881148,582.00,291.00,873.00,291,582,0.00,0.00,0,0
1410575658,s3-eth3,11550.00,529900.00,541450.00,529900,11550,175.00,350.00,525.00,350,175,0.00,0.00,0,0
1410575658,s3-eth2,7656.00,351248.00,358904.00,351248,7656,116.00,232.00,348.00,232,116,0.00,0.00,0,0
1410575658,eth0,0.00,92.00,92.00,92,0,0.00,1.00,1.00,1,0,0.00,0.00,0,0
1410575658,lo,0.00,0.00,0.00,0,0,0.00,0.00,0.00,0,0,0.00,0.00,0,0
1410575658,s4-eth1,529900.00,11550.00,541450.00,11550,529900,350.00,175.00,525.00,175,350,0.00,0.00,0,0
1410575658,s4-eth3,6336.00,280090.00,286426.00,280090,6336,96.00,185.00,281.00,185,96,0.00,0.00,0,0
1410575658,s4-eth2,5214.00,248296.00,253510.00,248296,5214,79.00,164.00,243.00,164,79,0.00,0.00,0,0
1410575658,s5-eth1,280090.00,6336.00,286426.00,6336,280090,185.00,96.00,281.00,96,185,0.00,0.00,0,0
1410575658,s5-eth2,6402.00,278576.00,284978.00,278576,6402,97.00,184.00,281.00,184,97,0.00,0.00,0,0
1410575658,total,4170650.00,4216096.00,8386746.00,4216096,4170650,4065.00,4095.00,8160.00,4095,4065,0.00,0.00,0,0
1410575659,s1-eth1,1250742.00,27654.00,1278396.00,27654,1250742,827.00,419.00,1246.00,419,827,0.00,0.00,0,0
1410575659,s1-eth3,23628.00,1078146.00,1101774.00,1078146,23628,358.00,713.00,1071.00,713,358,0.00,0.00,0,0
1410575659,s1-eth2,4026.00,184708.00,188734.00,184708,4026,61.00,122.00,183.00,122,61,0.00,0.00,0,0
1410575659,s2-eth1,1078146.00,23628.00,1101774.00,23628,1078146,713.00,358.00,1071.00,358,713,0.00,0.00,0,0
1410575659,s2-eth3,18546.00,846504.00,865050.00,846504,18546,281.00,560.00,841.00,560,281,0.00,0.00,0,0
1410575659,s2-eth2,5148.00,231642.00,236790.00,231642,5148,78.00,153.00,231.00,153,78,0.00,0.00,0,0
1410575659,s3-eth1,846504.00,18546.00,865050.00,18546,846504,560.00,281.00,841.00,281,560,0.00,0.00,0,0
1410575659,s3-eth3,11946.00,549760.00,561706.00,549760,11946,181.00,364.00,545.00,364,181,0.00,0.00,0,0
1410575659,s3-eth2,6534.00,299772.00,306306.00,299772,6534,99.00,198.00,297.00,198,99,0.00,0.00,0,0
1410575659,eth0,0.00,0.00,0.00,0,0,0.00,0.00,0.00,0,0,0.00,0.00,0,0
1410575659,lo,0.00,0.00,0.00,0,0,0.00,0.00,0.00,0,0,0.00,0.00,0,0
1410575659,s4-eth1,549760.00,11946.00,561706.00,11946,549760,364.00,181.00,545.00,181,364,0.00,0.00,0,0
1410575659,s4-eth3,5874.00,267978.00,273852.00,267978,5874,89.00,177.00,266.00,177,89,0.00,0.00,0,0
1410575659,s4-eth2,6138.00,281782.00,287920.00,281782,6138,93.00,187.00,280.00,187,93,0.00,0.00,0,0
1410575659,s5-eth1,267978.00,5874.00,273852.00,5874,267978,177.00,89.00,266.00,89,177,0.00,0.00,0,0
1410575659,s5-eth2,5874.00,267978.00,273852.00,267978,5874,89.00,177.00,266.00,177,89,0.00,0.00,0,0
1410575659,total,4080844.00,4095918.00,8176762.00,4095918,4080844,3970.00,3979.00,7949.00,3979,3970,0.00,0.00,0,0
1410575660,s1-eth1,1251382.00,28752.00,1280134.00,28752,1251382,827.00,432.00,1259.00,432,827,0.00,0.00,0,0
1410575660,s1-eth3,23760.00,1072730.00,1096490.00,1072730,23760,360.00,709.00,1069.00,709,360,0.00,0.00,0,0
1410575660,s1-eth2,4926.00,172596.00,177522.00,172596,4926,71.00,114.00,185.00,114,71,0.00,0.00,0,0
1410575660,s2-eth1,1072730.00,23760.00,1096490.00,23760,1072730,709.00,360.00,1069.00,360,709,0.00,0.00,0,0
1410575660,s2-eth3,19074.00,865312.00,884386.00,865312,19074,289.00,572.00,861.00,572,289,0.00,0.00,0,0
1410575660,s2-eth2,4686.00,210446.00,215132.00,210446,4686,71.00,139.00,210.00,139,71,0.00,0.00,0,0
1410575660,s3-eth1,865312.00,19074.00,884386.00,19074,865312,572.00,289.00,861.00,289,572,0.00,0.00,0,0
1410575660,s3-eth3,12474.00,551914.00,564388.00,551914,12474,189.00,365.00,554.00,365,189,0.00,0.00,0,0
1410575660,s3-eth2,6666.00,310370.00,317036.00,310370,6666,101.00,205.00,306.00,205,101,0.00,0.00,0,0
1410575660,eth0,0.00,244.00,244.00,244,0,0.00,3.00,3.00,3,0,0.00,0.00,0,0
1410575660,lo,0.00,0.00,0.00,0,0,0.00,0.00,0.00,0,0,0.00,0.00,0,0
1410575660,s4-eth1,551914.00,12474.00,564388.00,12474,551914,365.00,189.00,554.00,189,365,0.00,0.00,0,0
1410575660,s4-eth3,6468.00,286146.00,292614.00,286146,6468,98.00,189.00,287.00,189,98,0.00,0.00,0,0
1410575660,s4-eth2,6006.00,268796.00,274802.00,268796,6006,91.00,178.00,269.00,178,91,0.00,0.00,0,0
1410575660,s5-eth1,286146.00,6468.00,292614.00,6468,286146,189.00,98.00,287.00,98,189,0.00,0.00,0,0
1410575660,s5-eth2,6468.00,286146.00,292614.00,286146,6468,98.00,189.00,287.00,189,98,0.00,0.00,0,0
1410575660,total,4118012.00,4115228.00,8233240.00,4115228,4118012,4030.00,4031.00,8061.00,4031,4030,0.00,0.00,0,0
1410575661,s1-eth1,1250686.00,31318.00,1282004.00,31318,1250686,827.00,461.00,1288.00,461,827,0.00,0.00,0,0
1410575661,s1-eth3,26820.00,1118968.00,1145788.00,1118968,26820,398.00,740.00,1138.00,740,398,0.00,0.00,0,0
1410575661,s1-eth2,4498.00,140802.00,145300.00,140802,4498,63.00,93.00,156.00,93,63,0.00,0.00,0,0
1410575661,s2-eth1,1118968.00,26820.00,1145788.00,26820,1118968,740.00,398.00,1138.00,398,740,0.00,0.00,0,0
1410575661,s2-eth3,21936.00,897924.00,919860.00,897924,21936,324.00,594.00,918.00,594,324,0.00,0.00,0,0
1410575661,s2-eth2,4884.00,221044.00,225928.00,221044,4884,74.00,146.00,220.00,146,74,0.00,0.00,0,0
1410575661,s3-eth1,897924.00,21936.00,919860.00,21936,897924,594.00,324.00,918.00,324,594,0.00,0.00,0,0
1410575661,s3-eth3,13686.00,513368.00,527054.00,513368,13686,199.00,340.00,539.00,340,199,0.00,0.00,0,0
1410575661,s3-eth2,8184.00,384556.00,392740.00,384556,8184,124.00,254.00,378.00,254,124,0.00,0.00,0,0
1410575661,eth0,0.00,92.00,92.00,92,0,0.00,1.00,1.00,1,0,0.00,0.00,0,0
1410575661,lo,860.00,860.00,1720.00,860,860,15.00,15.00,30.00,15,15,0.00,0.00,0,0
1410575661,s4-eth1,513368.00,13686.00,527054.00,13686,513368,340.00,199.00,539.00,199,340,0.00,0.00,0,0
1410575661,s4-eth3,6996.00,320968.00,327964.00,320968,6996,106.00,212.00,318.00,212,106,0.00,0.00,0,0
1410575661,s4-eth2,6690.00,192400.00,199090.00,192400,6690,93.00,128.00,221.00,128,93,0.00,0.00,0,0
1410575661,s5-eth1,320968.00,6996.00,327964.00,6996,320968,212.00,106.00,318.00,106,212,0.00,0.00,0,0
1410575661,s5-eth2,6996.00,320968.00,327964.00,320968,6996,106.00,212.00,318.00,212,106,0.00,0.00,0,0
1410575661,total,4203464.00,4212706.00,8416170.00,4212706,4203464,4215.00,4223.00,8438.00,4223,4215,0.00,0.00,0,0
1410575662,s1-eth1,1250616.00,35998.00,1286614.00,35998,1250616,828.00,505.00,1333.00,505,828,0.00,0.00,0,0
1410575662,s1-eth3,30380.00,1062184.00,1092564.00,1062184,30380,428.00,704.00,1132.00,704,428,0.00,0.00,0,0
1410575662,s1-eth2,5618.00,155942.00,161560.00,155942,5618,77.00,103.00,180.00,103,77,0.00,0.00,0,0
1410575662,s2-eth1,1062184.00,30380.00,1092564.00,30380,1062184,704.00,428.00,1132.00,428,704,0.00,0.00,0,0
1410575662,s2-eth3,24374.00,801776.00,826150.00,801776,24374,337.00,532.00,869.00,532,337,0.00,0.00,0,0
1410575662,s2-eth2,6006.00,281604.00,287610.00,281604,6006,91.00,186.00,277.00,186,91,0.00,0.00,0,0
1410575662,s3-eth1,801776.00,24374.00,826150.00,24374,801776,532.00,337.00,869.00,337,532,0.00,0.00,0,0
1410575662,s3-eth3,13692.00,511854.00,525546.00,511854,13692,200.00,339.00,539.00,339,200,0.00,0.00,0,0
1410575662,s3-eth2,10748.00,289922.00,300670.00,289922,10748,138.00,193.00,331.00,193,138,0.00,0.00,0,0
1410575662,eth0,0.00,428.00,428.00,428,0,0.00,5.00,5.00,5,0,0.00,0.00,0,0
1410575662,lo,0.00,0.00,0.00,0,0,0.00,0.00,0.00,0,0,0.00,0.00,0,0
1410575662,s4-eth1,511854.00,13692.00,525546.00,13692,511854,339.00,200.00,539.00,200,339,0.00,0.00,0,0
1410575662,s4-eth3,6402.00,295230.00,301632.00,295230,6402,97.00,195.00,292.00,195,97,0.00,0.00,0,0
1410575662,s4-eth2,7290.00,213596.00,220886.00,213596,7290,103.00,142.00,245.00,142,103,0.00,0.00,0,0
1410575662,s5-eth1,295230.00,6402.00,301632.00,6402,295230,195.00,97.00,292.00,97,195,0.00,0.00,0,0
1410575662,s5-eth2,6402.00,295230.00,301632.00,295230,6402,97.00,195.00,292.00,195,97,0.00,0.00,0,0
1410575662,total,4032572.00,4018612.00,8051184.00,4018612,4032572,4166.00,4161.00,8327.00,4161,4166,0.00,0.00,0,0
1410575663,s1-eth1,1250564.00,29248.00,1279812.00,29248,1250564,826.00,438.00,1264.00,438,826,0.00,0.00,0,0
1410575663,s1-eth3,25726.00,1177892.00,1203618.00,1177892,25726,387.00,778.00,1165.00,778,387,0.00,0.00,0,0
1410575663,s1-eth2,3588.00,131718.00,135306.00,131718,3588,52.00,87.00,139.00,87,52,0.00,0.00,0,0
1410575663,s2-eth1,1177892.00,25726.00,1203618.00,25726,1177892,778.00,387.00,1165.00,387,778,0.00,0.00,0,0
1410575663,s2-eth3,19206.00,879634.00,898840.00,879634,19206,291.00,581.00,872.00,581,291,0.00,0.00,0,0
1410575663,s2-eth2,6520.00,274034.00,280554.00,274034,6520,96.00,181.00,277.00,181,96,0.00,0.00,0,0
1410575663,s3-eth1,879634.00,19206.00,898840.00,19206,879634,581.00,291.00,872.00,291,581,0.00,0.00,0,0
1410575663,s3-eth3,11088.00,514760.00,525848.00,514760,11088,168.00,340.00,508.00,340,168,0.00,0.00,0,0
1410575663,s3-eth2,8118.00,364874.00,372992.00,364874,8118,123.00,241.00,364.00,241,123,0.00,0.00,0,0
1410575663,eth0,0.00,184.00,184.00,184,0,0.00,2.00,2.00,2,0,0.00,0.00,0,0
1410575663,lo,0.00,0.00,0.00,0,0,0.00,0.00,0.00,0,0,0.00,0.00,0,0
1410575663,s4-eth1,514760.00,11088.00,525848.00,11088,514760,340.00,168.00,508.00,168,340,0.00,0.00,0,0
1410575663,s4-eth3,6798.00,316426.00,323224.00,316426,6798,103.00,209.00,312.00,209,103,0.00,0.00,0,0
1410575663,s4-eth2,4290.00,198334.00,202624.00,198334,4290,65.00,131.00,196.00,131,65,0.00,0.00,0,0
1410575663,s5-eth1,316426.00,6798.00,323224.00,6798,316426,209.00,103.00,312.00,103,209,0.00,0.00,0,0
1410575663,s5-eth2,6798.00,316426.00,323224.00,316426,6798,103.00,209.00,312.00,209,103,0.00,0.00,0,0
1410575663,total,4231408.00,4266348.00,8497756.00,4266348,4231408,4122.00,4146.00,8268.00,4146,4122,0.00,0.00,0,0
1410575664,s1-eth1,1250144.00,37416.00,1287560.00,37416,1250144,828.00,528.00,1356.00,528,828,0.00,0.00,0,0
1410575664,s1-eth3,33156.00,1097230.00,1130386.00,1097230,33156,470.00,727.00,1197.00,727,470,0.00,0.00,0,0
1410575664,s1-eth2,4260.00,107494.00,111754.00,107494,4260,58.00,71.00,129.00,71,58,0.00,0.00,0,0
1410575664,s2-eth1,1097230.00,33156.00,1130386.00,33156,1097230,727.00,470.00,1197.00,470,727,0.00,0.00,0,0
1410575664,s2-eth3,24540.00,865588.00,890128.00,865588,24540,356.00,574.00,930.00,574,356,0.00,0.00,0,0
1410575664,s2-eth2,8550.00,245268.00,253818.00,245268,8550,113.00,162.00,275.00,162,113,0.00,0.00,0,0
1410575664,s3-eth1,865588.00,24540.00,890128.00,24540,865588,574.00,356.00,930.00,356,574,0.00,0.00,0,0
1410575664,s3-eth3,15864.00,621656.00,637520.00,621656,15864,234.00,412.00,646.00,412,234,0.00,0.00,0,0
1410575664,s3-eth2,8676.00,246960.00,255636.00,246960,8676,122.00,164.00,286.00,164,122,0.00,0.00,0,0
1410575664,eth0,0.00,0.00,0.00,0,0,0.00,0.00,0.00,0,0,0.00,0.00,0,0
1410575664,lo,0.00,0.00,0.00,0,0,0.00,0.00,0.00,0,0,0.00,0.00,0,0
1410575664,s4-eth1,621656.00,15864.00,637520.00,15864,621656,412.00,234.00,646.00,234,412,0.00,0.00,0,0
1410575664,s4-eth3,9174.00,418780.00,427954.00,418780,9174,139.00,278.00,417.00,278,139,0.00,0.00,0,0
1410575664,s4-eth2,6690.00,202876.00,209566.00,202876,6690,95.00,134.00,229.00,134,95,0.00,0.00,0,0
1410575664,s5-eth1,418780.00,9174.00,427954.00,9174,418780,278.00,139.00,417.00,139,278,0.00,0.00,0,0
1410575664,s5-eth2,9174.00,418780.00,427954.00,418780,9174,139.00,278.00,417.00,278,139,0.00,0.00,0,0
1410575664,total,4373482.00,4344782.00,8718264.00,4344782,4373482,4545.00,4527.00,9072.00,4527,4545,0.00,0.00,0,0
1410575665,s1-eth1,1250564.00,28050.00,1278614.00,28050,1250564,826.00,425.00,1251.00,425,826,0.00,0.00,0,0
1410575665,s1-eth3,26202.00,1201476.00,1227678.00,1201476,26202,397.00,794.00,1191.00,794,397,0.00,0.00,0,0
1410575665,s1-eth2,1848.00,86298.00,88146.00,86298,1848,28.00,57.00,85.00,57,28,0.00,0.00,0,0
1410575665,s2-eth1,1201476.00,26202.00,1227678.00,26202,1201476,794.00,397.00,1191.00,397,794,0.00,0.00,0,0
1410575665,s2-eth3,19140.00,860826.00,879966.00,860826,19140,290.00,569.00,859.00,569,290,0.00,0.00,0,0
1410575665,s2-eth2,7128.00,327024.00,334152.00,327024,7128,108.00,216.00,324.00,216,108,0.00,0.00,0,0
1410575665,s3-eth1,860826.00,19140.00,879966.00,19140,860826,569.00,290.00,859.00,290,569,0.00,0.00,0,0
1410575665,s3-eth3,12804.00,577708.00,590512.00,577708,12804,194.00,382.00,576.00,382,194,0.00,0.00,0,0
1410575665,s3-eth2,6270.00,284632.00,290902.00,284632,6270,95.00,188.00,283.00,188,95,0.00,0.00,0,0
1410575665,eth0,150.00,150.00,300.00,150,150,2.00,2.00,4.00,2,2,0.00,0.00,0,0
1410575665,lo,0.00,0.00,0.00,0,0,0.00,0.00,0.00,0,0,0.00,0.00,0,0
1410575665,s4-eth1,577708.00,12804.00,590512.00,12804,577708,382.00,194.00,576.00,194,382,0.00,0.00,0,0
1410575665,s4-eth3,8316.00,374832.00,383148.00,374832,8316,126.00,248.00,374.00,248,126,0.00,0.00,0,0
1410575665,s4-eth2,4488.00,202876.00,207364.00,202876,4488,68.00,134.00,202.00,134,68,0.00,0.00,0,0
1410575665,s5-eth1,374832.00,8316.00,383148.00,8316,374832,248.00,126.00,374.00,126,248,0.00,0.00,0,0
1410575665,s5-eth2,8316.00,374832.00,383148.00,374832,8316,126.00,248.00,374.00,248,126,0.00,0.00,0,0
1410575665,total,4360068.00,4385166.00,8745234.00,4385166,4360068,4253.00,4270.00,8523.00,4270,4253,0.00,0.00,0,0
1410575666,s1-eth1,1245504.00,32874.00,1278378.00,32874,1245504,824.00,477.00,1301.00,477,824,0.00,0.00,0,0
1410575666,s1-eth3,30762.00,1087174.00,1117936.00,1087174,30762,445.00,719.00,1164.00,719,445,0.00,0.00,0,0
1410575666,s1-eth2,2046.00,89326.00,91372.00,89326,2046,31.00,59.00,90.00,59,31,0.00,0.00,0,0
1410575666,s2-eth1,1087174.00,30762.00,1117936.00,30762,1087174,719.00,445.00,1164.00,445,719,0.00,0.00,0,0
1410575666,s2-eth3,22830.00,887326.00,910156.00,887326,22830,333.00,587.00,920.00,587,333,0.00,0.00,0,0
1410575666,s2-eth2,7932.00,201362.00,209294.00,201362,7932,112.00,133.00,245.00,133,112,0.00,0.00,0,0
1410575666,s3-eth1,887326.00,22830.00,910156.00,22830,887326,587.00,333.00,920.00,333,587,0.00,0.00,0,0
1410575666,s3-eth3,16164.00,576956.00,593120.00,576956,16164,232.00,382.00,614.00,382,232,0.00,0.00,0,0
1410575666,s3-eth2,6732.00,308856.00,315588.00,308856,6732,102.00,204.00,306.00,204,102,0.00,0.00,0,0
1410575666,eth0,0.00,0.00,0.00,0,0,0.00,0.00,0.00,0,0,0.00,0.00,0,0
1410575666,lo,860.00,860.00,1720.00,860,860,15.00,15.00,30.00,15,15,0.00,0.00,0,0
1410575666,s4-eth1,576956.00,16164.00,593120.00,16164,576956,382.00,232.00,614.00,232,382,0.00,0.00,0,0
1410575666,s4-eth3,10884.00,343800.00,354684.00,343800,10884,152.00,228.00,380.00,228,152,0.00,0.00,0,0
1410575666,s4-eth2,5214.00,233156.00,238370.00,233156,5214,79.00,154.00,233.00,154,79,0.00,0.00,0,0
1410575666,s5-eth1,343800.00,10884.00,354684.00,10884,343800,228.00,152.00,380.00,152,228,0.00,0.00,0,0
1410575666,s5-eth2,10884.00,343800.00,354684.00,343800,10884,152.00,228.00,380.00,228,152,0.00,0.00,0,0
1410575666,total,4255068.00,4186130.00,8441198.00,4186130,4255068,4393.00,4348.00,8741.00,4348,4393,0.00,0.00,0,0
1410575667,s1-eth1,1250564.00,27984.00,1278548.00,27984,1250564,826.00,424.00,1250.00,424,826,0.00,0.00,0,0
1410575667,s1-eth3,25608.00,1211200.00,1236808.00,1211200,25608,388.00,800.00,1188.00,800,388,0.00,0.00,0,0
1410575667,s1-eth2,2376.00,110522.00,112898.00,110522,2376,36.00,73.00,109.00,73,36,0.00,0.00,0,0
1410575667,s2-eth1,1211200.00,25608.00,1236808.00,25608,1211200,800.00,388.00,1188.00,388,800,0.00,0.00,0,0
1410575667,s2-eth3,20460.00,950792.00,971252.00,950792,20460,310.00,628.00,938.00,628,310,0.00,0.00,0,0
1410575667,s2-eth2,5148.00,261922.00,267070.00,261922,5148,78.00,173.00,251.00,173,78,0.00,0.00,0,0
1410575667,s3-eth1,950792.00,20460.00,971252.00,20460,950792,628.00,310.00,938.00,310,628,0.00,0.00,0,0
1410575667,s3-eth3,13530.00,632852.00,646382.00,632852,13530,205.00,418.00,623.00,418,205,0.00,0.00,0,0
1410575667,s3-eth2,6930.00,317940.00,324870.00,317940,6930,105.00,210.00,315.00,210,105,0.00,0.00,0,0
1410575667,eth0,0.00,152.00,152.00,152,0,0.00,2.00,2.00,2,0,0.00,0.00,0,0
1410575667,lo,0.00,0.00,0.00,0,0,0.00,0.00,0.00,0,0,0.00,0.00,0,0
1410575667,s4-eth1,632852.00,13530.00,646382.00,13530,632852,418.00,205.00,623.00,205,418,0.00,0.00,0,0
1410575667,s4-eth3,8844.00,414836.00,423680.00,414836,8844,134.00,274.00,408.00,274,134,0.00,0.00,0,0
1410575667,s4-eth2,4752.00,218016.00,222768.00,218016,4752,72.00,144.00,216.00,144,72,0.00,0.00,0,0
1410575667,s5-eth1,414836.00,8844.00,423680.00,8844,414836,274.00,134.00,408.00,134,274,0.00,0.00,0,0
1410575667,s5-eth2,8844.00,414836.00,423680.00,414836,8844,134.00,274.00,408.00,274,134,0.00,0.00,0,0
1410575667,total,4556736.00,4629494.00,9186230.00,4629494,4556736,4408.00,4457.00,8865.00,4457,4408,0.00,0.00,0,0
1410575668,s1-eth1,1250798.00,30546.00,1281344.00,30546,1250798,827.00,453.00,1280.00,453,827,0.00,0.00,0,0
1410575668,s1-eth3,27282.00,1147150.00,1174432.00,1147150,27282,407.00,759.00,1166.00,759,407,0.00,0.00,0,0
1410575668,s1-eth2,3330.00,93868.00,97198.00,93868,3330,47.00,62.00,109.00,62,47,0.00,0.00,0,0
1410575668,s2-eth1,1147150.00,27282.00,1174432.00,27282,1147150,759.00,407.00,1166.00,407,759,0.00,0.00,0,0
1410575668,s2-eth3,20460.00,938218.00,958678.00,938218,20460,310.00,621.00,931.00,621,310,0.00,0.00,0,0
1410575668,s2-eth2,6822.00,205904.00,212726.00,205904,6822,97.00,136.00,233.00,136,97,0.00,0.00,0,0
1410575668,s3-eth1,938218.00,20460.00,958678.00,20460,938218,621.00,310.00,931.00,310,621,0.00,0.00,0,0
1410575668,s3-eth3,14256.00,658128.00,672384.00,658128,14256,216.00,436.00,652.00,436,216,0.00,0.00,0,0
1410575668,s3-eth2,6138.00,283118.00,289256.00,283118,6138,93.00,187.00,280.00,187,93,0.00,0.00,0,0
1410575668,eth0,0.00,184.00,184.00,184,0,0.00,2.00,2.00,2,0,0.00,0.00,0,0
1410575668,lo,0.00,0.00,0.00,0,0,0.00,0.00,0.00,0,0,0.00,0.00,0,0
1410575668,s4-eth1,658128.00,14256.00,672384.00,14256,658128,436.00,216.00,652.00,216,436,0.00,0.00,0,0
1410575668,s4-eth3,9636.00,443140.00,452776.00,443140,9636,146.00,294.00,440.00,294,146,0.00,0.00,0,0
1410575668,s4-eth2,4620.00,214988.00,219608.00,214988,4620,70.00,142.00,212.00,142,70,0.00,0.00,0,0
1410575668,s5-eth1,443140.00,9636.00,452776.00,9636,443140,294.00,146.00,440.00,146,294,0.00,0.00,0,0
1410575668,s5-eth2,9636.00,443140.00,452776.00,443140,9636,146.00,294.00,440.00,294,146,0.00,0.00,0,0
1410575668,total,4539614.00,4530018.00,9069632.00,4530018,4539614,4469.00,4465.00,8934.00,4465,4469,0.00,0.00,0,0
1410575669,s1-eth1,1251382.00,29166.00,1280548.00,29166,1251382,827.00,439.00,1266.00,439,827,0.00,0.00,0,0
1410575669,s1-eth3,26460.00,1188490.00,1214950.00,1188490,26460,400.00,785.00,1185.00,785,400,0.00,0.00,0,0
1410575669,s1-eth2,2706.00,95382.00,98088.00,95382,2706,39.00,63.00,102.00,63,39,0.00,0.00,0,0
1410575669,s2-eth1,1188490.00,26460.00,1214950.00,26460,1188490,785.00,400.00,1185.00,400,785,0.00,0.00,0,0
1410575669,s2-eth3,21978.00,1003782.00,1025760.00,1003782,21978,333.00,663.00,996.00,663,333,0.00,0.00,0,0
1410575669,s2-eth2,4416.00,187736.00,192152.00,187736,4416,66.00,124.00,190.00,124,66,0.00,0.00,0,0
1410575669,s3-eth1,1003782.00,21978.00,1025760.00,21978,1003782,663.00,333.00,996.00,333,663,0.00,0.00,0,0
1410575669,s3-eth3,14586.00,657076.00,671662.00,657076,14586,221.00,434.00,655.00,434,221,0.00,0.00,0,0
1410575669,s3-eth2,7392.00,340650.00,348042.00,340650,7392,112.00,225.00,337.00,225,112,0.00,0.00,0,0
1410575669,eth0,0.00,92.00,92.00,92,0,0.00,1.00,1.00,1,0,0.00,0.00,0,0
1410575669,lo,0.00,0.00,0.00,0,0,0.00,0.00,0.00,0,0,0.00,0.00,0,0
1410575669,s4-eth1,657076.00,14586.00,671662.00,14586,657076,434.00,221.00,655.00,221,434,0.00,0.00,0,0
1410575669,s4-eth3,8910.00,393640.00,402550.00,393640,8910,135.00,260.00,395.00,260,135,0.00,0.00,0,0
1410575669,s4-eth2,5676.00,263436.00,269112.00,263436,5676,86.00,174.00,260.00,174,86,0.00,0.00,0,0
1410575669,s5-eth1,393640.00,8910.00,402550.00,8910,393640,260.00,135.00,395.00,135,260,0.00,0.00,0,0
1410575669,s5-eth2,8910.00,393640.00,402550.00,393640,8910,135.00,260.00,395.00,260,135,0.00,0.00,0,0
1410575669,total,4595404.00,4625024.00,9220428.00,4625024,4595404,4496.00,4517.00,9013.00,4517,4496,0.00,0.00,0,0
1410575670,s1-eth1,1250204.00,33152.00,1283356.00,33152,1250204,826.00,484.00,1310.00,484,826,0.00,0.00,0,0
1410575670,s1-eth3,29862.00,1176018.00,1205880.00,1176018,29862,439.00,777.00,1216.00,777,439,0.00,0.00,0,0
1410575670,s1-eth2,3224.00,81756.00,84980.00,81756,3224,44.00,54.00,98.00,54,44,0.00,0.00,0,0
1410575670,s2-eth1,1176018.00,29862.00,1205880.00,29862,1176018,777.00,439.00,1216.00,439,777,0.00,0.00,0,0
1410575670,s2-eth3,24186.00,924694.00,948880.00,924694,24186,353.00,611.00,964.00,611,353,0.00,0.00,0,0
1410575670,s2-eth2,5742.00,267978.00,273720.00,267978,5742,87.00,177.00,264.00,177,87,0.00,0.00,0,0
1410575670,s3-eth1,924694.00,24186.00,948880.00,24186,924694,611.00,353.00,964.00,353,611,0.00,0.00,0,0
1410575670,s3-eth3,16596.00,571932.00,588528.00,571932,16596,238.00,378.00,616.00,378,238,0.00,0.00,0,0
1410575670,s3-eth2,7656.00,354276.00,361932.00,354276,7656,116.00,234.00,350.00,234,116,0.00,0.00,0,0
1410575670,eth0,60.00,152.00,212.00,152,60,1.00,2.00,3.00,2,1,0.00,0.00,0,0
1410575670,lo,0.00,0.00,0.00,0,0,0.00,0.00,0.00,0,0,0.00,0.00,0,0
1410575670,s4-eth1,571932.00,16596.00,588528.00,16596,571932,378.00,238.00,616.00,238,378,0.00,0.00,0,0
1410575670,s4-eth3,10722.00,304314.00,315036.00,304314,10722,149.00,201.00,350.00,201,149,0.00,0.00,0,0
1410575670,s4-eth2,5874.00,267618.00,273492.00,267618,5874,89.00,177.00,266.00,177,89,0.00,0.00,0,0
1410575670,s5-eth1,304314.00,10722.00,315036.00,10722,304314,201.00,149.00,350.00,149,201,0.00,0.00,0,0
1410575670,s5-eth2,10722.00,304314.00,315036.00,304314,10722,149.00,201.00,350.00,201,149,0.00,0.00,0,0
1410575670,total,4341806.00,4367570.00,8709376.00,4367570,4341806,4458.00,4475.00,8933.00,4475,4458,0.00,0.00,0,0
1410575671,s1-eth1,1251134.00,32650.00,1283784.00,32650,1251134,827.00,475.00,1302.00,475,827,0.00,0.00,0,0
1410575671,s1-eth3,31410.00,1184112.00,1215522.00,1184112,31410,459.00,784.00,1243.00,784,459,0.00,0.00,0,0
1410575671,s1-eth2,1306.00,43906.00,45212.00,43906,1306,17.00,29.00,46.00,29,17,0.00,0.00,0,0
1410575671,s2-eth1,1184112.00,31410.00,1215522.00,31410,1184112,784.00,459.00,1243.00,459,784,0.00,0.00,0,0
1410575671,s2-eth3,24000.00,975180.00,999180.00,975180,24000,354.00,646.00,1000.00,646,354,0.00,0.00,0,0
1410575671,s2-eth2,7344.00,219530.00,226874.00,219530,7344,104.00,145.00,249.00,145,104,0.00,0.00,0,0
1410575671,s3-eth1,975180.00,24000.00,999180.00,24000,975180,646.00,354.00,1000.00,354,646,0.00,0.00,0,0
1410575671,s3-eth3,16014.00,613582.00,629596.00,613582,16014,233.00,407.00,640.00,407,233,0.00,0.00,0,0
1410575671,s3-eth2,7986.00,360084.00,368070.00,360084,7986,121.00,238.00,359.00,238,121,0.00,0.00,0,0
1410575671,eth0,0.00,92.00,92.00,92,0,0.00,1.00,1.00,1,0,0.00,0.00,0,0
1410575671,lo,860.00,860.00,1720.00,860,860,15.00,15.00,30.00,15,15,0.00,0.00,0,0
1410575671,s4-eth1,613582.00,16014.00,629596.00,16014,613582,407.00,233.00,640.00,233,407,0.00,0.00,0,0
1410575671,s4-eth3,8382.00,392416.00,400798.00,392416,8382,127.00,260.00,387.00,260,127,0.00,0.00,0,0
1410575671,s4-eth2,7632.00,221166.00,228798.00,221166,7632,106.00,147.00,253.00,147,106,0.00,0.00,0,0
1410575671,s5-eth1,392416.00,8382.00,400798.00,8382,392416,260.00,127.00,387.00,127,260,0.00,0.00,0,0
1410575671,s5-eth2,8382.00,392416.00,400798.00,392416,8382,127.00,260.00,387.00,260,127,0.00,0.00,0,0
1410575671,total,4529740.00,4515800.00,9045540.00,4515800,4529740,4587.00,4580.00,9167.00,4580,4587,0.00,0.00,0,0
1410575672,s1-eth1,1250280.00,29166.00,1279446.00,29166,1250280,828.00,439.00,1267.00,439,828,0.00,0.00,0,0
1410575672,s1-eth3,26994.00,1251504.00,1278498.00,1251504,26994,409.00,828.00,1237.00,828,409,0.00,0.00,0,0
1410575672,s1-eth2,2106.00,65102.00,67208.00,65102,2106,29.00,43.00,72.00,43,29,0.00,0.00,0,0
1410575672,s2-eth1,1251504.00,26994.00,1278498.00,26994,1251504,828.00,409.00,1237.00,409,828,0.00,0.00,0,0
1410575672,s2-eth3,22704.00,1047114.00,1069818.00,1047114,22704,344.00,693.00,1037.00,693,344,0.00,0.00,0,0
1410575672,s2-eth2,4356.00,196820.00,201176.00,196820,4356,66.00,130.00,196.00,130,66,0.00,0.00,0,0
1410575672,s3-eth1,1047114.00,22704.00,1069818.00,22704,1047114,693.00,344.00,1037.00,344,693,0.00,0.00,0,0
1410575672,s3-eth3,14652.00,667674.00,682326.00,667674,14652,222.00,441.00,663.00,441,222,0.00,0.00,0,0
1410575672,s3-eth2,8052.00,379440.00,387492.00,379440,8052,122.00,252.00,374.00,252,122,0.00,0.00,0,0
1410575672,eth0,0.00,244.00,244.00,244,0,0.00,3.00,3.00,3,0,0.00,0.00,0,0
1410575672,lo,0.00,0.00,0.00,0,0,0.00,0.00,0.00,0,0,0.00,0.00,0,0
1410575672,s4-eth1,667674.00,14652.00,682326.00,14652,667674,441.00,222.00,663.00,222,441,0.00,0.00,0,0
1410575672,s4-eth3,8976.00,402724.00,411700.00,402724,8976,136.00,266.00,402.00,266,136,0.00,0.00,0,0
1410575672,s4-eth2,5676.00,264950.00,270626.00,264950,5676,86.00,175.00,261.00,175,86,0.00,0.00,0,0
1410575672,s5-eth1,402724.00,8976.00,411700.00,8976,402724,266.00,136.00,402.00,136,266,0.00,0.00,0,0
1410575672,s5-eth2,8976.00,402724.00,411700.00,402724,8976,136.00,266.00,402.00,266,136,0.00,0.00,0,0
1410575672,total,4721788.00,4780788.00,9502576.00,4780788,4721788,4606.00,4647.00,9253.00,4647,4606,0.00,0.00,0,0
1410575673,s1-eth1,1250864.00,33592.00,1284456.00,33592,1250864,828.00,488.00,1316.00,488,828,0.00,0.00,0,0
1410575673,s1-eth3,32368.00,1187972.00,1220340.00,1187972,32368,472.00,786.00,1258.00,786,472,0.00,0.00,0,0
1410575673,s1-eth2,1224.00,37850.00,39074.00,37850,1224,16.00,25.00,41.00,25,16,0.00,0.00,0,0
1410575673,s2-eth1,1187972.00,32368.00,1220340.00,32368,1187972,786.00,472.00,1258.00,472,786,0.00,0.00,0,0
1410575673,s2-eth3,27616.00,1027488.00,1055104.00,1027488,27616,400.00,680.00,1080.00,680,400,0.00,0.00,0,0
1410575673,s2-eth2,4752.00,214988.00,219740.00,214988,4752,72.00,142.00,214.00,142,72,0.00,0.00,0,0
1410575673,s3-eth1,1027488.00,27616.00,1055104.00,27616,1027488,680.00,400.00,1080.00,400,680,0.00,0.00,0,0
1410575673,s3-eth3,14520.00,653530.00,668050.00,653530,14520,220.00,433.00,653.00,433,220,0.00,0.00,0,0
1410575673,s3-eth2,13096.00,375472.00,388568.00,375472,13096,180.00,248.00,428.00,248,180,0.00,0.00,0,0
1410575673,eth0,0.00,92.00,92.00,92,0,0.00,1.00,1.00,1,0,0.00,0.00,0,0
1410575673,lo,0.00,0.00,0.00,0,0,0.00,0.00,0.00,0,0,0.00,0.00,0,0
1410575673,s4-eth1,653530.00,14520.00,668050.00,14520,653530,433.00,220.00,653.00,220,433,0.00,0.00,0,0
1410575673,s4-eth3,8118.00,371926.00,380044.00,371926,8118,123.00,247.00,370.00,247,123,0.00,0.00,0,0
1410575673,s4-eth2,6402.00,283118.00,289520.00,283118,6402,97.00,187.00,284.00,187,97,0.00,0.00,0,0
1410575673,s5-eth1,371926.00,8118.00,380044.00,8118,371926,247.00,123.00,370.00,123,247,0.00,0.00,0,0
1410575673,s5-eth2,8118.00,373440.00,381558.00,373440,8118,123.00,248.00,371.00,248,123,0.00,0.00,0,0
1410575673,total,4607994.00,4642090.00,9250084.00,4642090,4607994,4677.00,4700.00,9377.00,4700,4677,0.00,0.00,0,0
1410575674,s1-eth1,1250564.00,36568.00,1287132.00,36568,1250564,826.00,508.00,1334.00,508,826,0.00,0.00,0,0
1410575674,s1-eth3,34490.00,1176378.00,1210868.00,1176378,34490,479.00,777.00,1256.00,777,479,0.00,0.00,0,0
1410575674,s1-eth2,2141.86,57474.53,59616.39,57532,2144,29.97,37.96,67.93,38,30,0.00,0.00,0,0
1410575674,s2-eth1,1175202.88,34455.55,1209658.38,34490,1176378,776.22,478.52,1254.75,479,777,0.00,0.00,0,0
1410575674,s2-eth3,29146.85,898417.62,927564.44,899316,29176,401.60,593.41,995.01,594,402,0.00,0.00,0,0
1410575674,s2-eth2,5214.79,199648.36,204863.14,199848,5220,75.92,131.87,207.79,132,76,0.00,0.00,0,0
1410575674,s3-eth1,898417.62,29146.85,927564.44,29176,899316,593.41,401.60,995.01,402,594,0.00,0.00,0,0
1410575674,s3-eth3,17652.35,533908.12,551560.44,534442,17670,236.76,352.65,589.41,353,237,0.00,0.00,0,0
1410575674,s3-eth2,11400.60,364509.50,375910.09,364874,11412,163.84,240.76,404.60,241,164,0.00,0.00,0,0
1410575674,eth0,0.00,91.91,91.91,92,0,0.00,1.00,1.00,1,0,0.00,0.00,0,0
1410575674,lo,0.00,0.00,0.00,0,0,0.00,0.00,0.00,0,0,0.00,0.00,0,0
1410575674,s4-eth1,533908.12,17652.35,551560.44,17670,534442,352.65,236.76,589.41,237,353,0.00,0.00,0,0
1410575674,s4-eth3,9310.69,304010.00,313320.69,304314,9320,127.87,200.80,328.67,201,128,0.00,0.00,0,0
1410575674,s4-eth2,8247.75,229898.11,238145.86,230128,8256,107.89,151.85,259.74,152,108,0.00,0.00,0,0
1410575674,s5-eth1,304010.00,9310.69,313320.69,9320,304314,200.80,127.87,328.67,128,201,0.00,0.00,0,0
1410575674,s5-eth2,9216.78,302497.50,311714.28,302800,9226,126.87,199.80,326.67,200,127,0.00,0.00,0,0
1410575674,total,4287640.50,4192755.25,8480396.00,4196948,4291928,4497.50,4438.56,8936.06,4443,4502,0.00,0.00,0,0
1410575675,s1-eth1,1252020.00,34670.00,1286690.00,34670,1252020,834.00,499.00,1333.00,499,834,0.00,0.00,0,0
1410575675,s1-eth3,29608.00,846268.00,875876.00,846268,29608,426.00,566.00,992.00,566,426,0.00,0.00,0,0
1410575675,s1-eth2,5062.00,183194.00,188256.00,183194,5062,73.00,121.00,194.00,121,73,0.00,0.00,0,0
1410575675,s2-eth1,846268.00,29608.00,875876.00,29608,846268,566.00,426.00,992.00,426,566,0.00,0.00,0,0
1410575675,s2-eth3,23552.00,691340.00,714892.00,691340,23552,338.00,462.00,800.00,462,338,0.00,0.00,0,0
1410575675,s2-eth2,6150.00,154928.00,161078.00,154928,6150,89.00,104.00,193.00,104,89,0.00,0.00,0,0
1410575675,s3-eth1,691340.00,23552.00,714892.00,23552,691340,462.00,338.00,800.00,338,462,0.00,0.00,0,0
1410575675,s3-eth3,17666.00,547906.00,565572.00,547906,17666,255.00,365.00,620.00,365,255,0.00,0.00,0,0
1410575675,s3-eth2,5980.00,141920.00,147900.00,141920,5980,84.00,96.00,180.00,96,84,0.00,0.00,0,0
1410575675,eth0,0.00,184.00,184.00,184,0,0.00,2.00,2.00,2,0,0.00,0.00,0,0
1410575675,lo,0.00,0.00,0.00,0,0,0.00,0.00,0.00,0,0,0.00,0.00,0,0
1410575675,s4-eth1,547906.00,17666.00,565572.00,17666,547906,365.00,255.00,620.00,255,365,0.00,0.00,0,0
1410575675,s4-eth3,10038.00,261404.00,271442.00,261404,10038,139.00,174.00,313.00,174,139,0.00,0.00,0,0
1410575675,s4-eth2,7722.00,284988.00,292710.00,284988,7722,117.00,190.00,307.00,190,117,0.00,0.00,0,0
1410575675,s5-eth1,261404.00,10038.00,271442.00,10038,261404,174.00,139.00,313.00,139,174,0.00,0.00,0,0
1410575675,s5-eth2,10132.00,261404.00,271536.00,261404,10132,140.00,174.00,314.00,174,140,0.00,0.00,0,0
1410575675,total,3714848.00,3489070.00,7203918.00,3489070,3714848,4062.00,3911.00,7973.00,3911,4062,0.00,0.00,0,0
1410575676,eth0,2274.00,660.00,2934.00,660,2274,19.00,11.00,30.00,11,19,0.00,0.00,0,0
1410575676,lo,1916.00,1916.00,3832.00,1916,1916,27.00,27.00,54.00,27,27,0.00,0.00,0,0
1410575676,total,18446744073709551616.00,18446744073709551616.00,18446744073709551616.00,18446744073580033095,18446744073580268835,18446744073709420544.00,18446744073709420544.00,18446744073709291520.00,18446744073709421099,18446744073709421150,0.00,0.00,0,0
1410575677,eth0,118.00,304.00,422.00,304,118,1.00,4.00,5.00,4,1,0.00,0.00,0,0
1410575677,lo,0.00,0.00,0.00,0,0,0.00,0.00,0.00,0,0,0.00,0.00,0,0
1410575677,total,118.00,304.00,422.00,304,118,1.00,4.00,5.00,4,1,0.00,0.00,0,0
1410575678,eth0,117.88,151.85,269.73,152,118,1.00,2.00,3.00,2,1,0.00,0.00,0,0
1410575678,lo,0.00,0.00,0.00,0,0,0.00,0.00,0.00,0,0,0.00,0.00,0,0
1410575678,total,117.88,151.85,269.73,152,118,1.00,2.00,3.00,2,1,0.00,0.00,0,0
1410575679,eth0,117.88,5